1		1		1		50.0
3		1		1		50.0
0		1		0		50.0
4		1		0		50.0
3		2		1		98.2476422201959
5		2		1		51.7523577798041
1		2		1		53.50471555960821
6		2		1		96.4952844403918
3		3		1		100.0
7		3		1		98.2476422201959
4		2		0		98.2476422201959
8		2		0		51.7523577798041
6		3		1		100.0
9		3		1		96.4952844403918
5		3		1		100.0
10		3		1		51.7523577798041
10		4		1		98.2476422201959
11		4		1		53.50471555960821
1		3		1		53.50471555960821
12		3		1		100.0
2		1		2		50.0
13		1		2		50.0
9		4		1		98.2476422201959
14		4		1		98.2476422201959
1		4		1		53.50471555960821
15		4		1		100.0
10		5		1		100.0
16		5		1		98.2476422201959
13		2		2		98.2476422201959
17		2		2		51.7523577798041
