2		1		2		50.0
4		1		2		50.0
1		1		1		50.0
5		1		1		50.0
2		2		2		50.0
6		2		2		100.0
3		1		3		50.0
7		1		3		50.0
5		2		1		95.94276359276165
8		2		1		54.05723640723835
2		3		2		50.0
9		3		2		100.0
4		2		2		97.97138179638083
10		2		2		52.02861820361918
8		3		1		100.0
11		3		1		54.05723640723835
4		3		2		100.0
12		3		2		97.97138179638083
5		3		1		95.94276359276165
13		3		1		100.0
9		4		2		100.0
14		4		2		100.0
0		1		0		50.0
15		1		0		50.0
1		2		1		52.02861820361918
16		2		1		97.97138179638083
10		3		2		97.97138179638083
17		3		2		54.05723640723835
7		2		3		97.97138179638083
18		2		3		52.02861820361918
16		3		1		100.0
19		3		1		97.97138179638083
2		4		2		52.02861820361918
20		4		2		97.97138179638083
9		5		2		100.0
21		5		2		100.0
