Oganism: Mus musculus, Sex: Male, Initial Population Size: 5, Simulation Duration: 15, Time Interval: 1, Haploid #: 20

Cell ID		Generation	Cell lineage	% labelled

2		1		2		0.5

5		1		2		0.5

4		1		4		0.5

6		1		4		0.5

3		1		3		0.5

7		1		3		0.5

5		2		2		0.9649528444039179

8		2		2		0.5350471555960821

6		2		4		0.9649528444039179

9		2		4		0.5350471555960821

2		2		2		0.517523577798041

10		2		2		0.982476422201959

3		2		3		0.5350471555960821

11		2		3		0.9649528444039179

8		3		2		1.0

12		3		2		0.5350471555960821

9		3		4		1.0

13		3		4		0.5350471555960821

1		1		1		0.5

14		1		1		0.5

3		3		3		0.5350471555960821

15		3		3		1.0

5		3		2		0.982476422201959

16		3		2		0.982476422201959

6		3		4		0.9649528444039179

17		3		4		1.0

7		2		3		0.9649528444039179

18		2		3		0.5350471555960821

10		3		2		0.982476422201959

19		3		2		1.0

11		3		3		0.982476422201959

20		3		3		0.982476422201959

6		4		4		0.982476422201959

21		4		4		0.982476422201959

7		3		3		1.0

22		3		3		0.9649528444039179

9		4		4		1.0

23		4		4		1.0

17		4		4		1.0

24		4		4		1.0

10		4		2		0.982476422201959

25		4		2		1.0

1		2		1		0.5

26		2		1		1.0

2		3		2		0.517523577798041

27		3		2		1.0

13		4		4		1.0

28		4		4		0.5350471555960821

20		4		3		1.0

29		4		3		0.982476422201959

4		2		4		0.5

30		2		4		1.0

5		4		2		1.0

31		4		2		0.982476422201959

16		4		2		0.982476422201959

32		4		2		1.0

21		5		4		1.0

33		5		4		0.982476422201959

23		5		4		1.0

34		5		4		1.0

24		5		4		1.0

35		5		4		1.0

26		3		1		1.0

36		3		1		1.0

28		5		4		1.0

37		5		4		0.5350471555960821

29		5		3		1.0

38		5		3		0.982476422201959

1		3		1		0.5350471555960821

39		3		1		0.9649528444039179

8		4		2		1.0

40		4		2		1.0

9		5		4		1.0

41		5		4		1.0

19		4		2		1.0

42		4		2		1.0

30		3		4		1.0

43		3		4		1.0

32		5		2		1.0

44		5		2		1.0

34		6		4		1.0

45		6		4		1.0

35		6		4		1.0

46		6		4		1.0

37		6		4		1.0

47		6		4		0.5350471555960821

38		6		3		0.982476422201959

48		6		3		1.0

1		4		1		0.5350471555960821

49		4		1		1.0

5		5		2		1.0

50		5		2		1.0

6		5		4		1.0

51		5		4		0.982476422201959

17		5		4		1.0

52		5		4		1.0

22		4		3		0.982476422201959

53		4		3		0.982476422201959

32		6		2		1.0

54		6		2		1.0

40		5		2		1.0

55		5		2		1.0

41		6		4		1.0

56		6		4		1.0

42		5		2		1.0

57		5		2		1.0

5		6		2		1.0

58		6		2		1.0

12		4		2		1.0

59		4		2		0.5350471555960821

13		5		4		1.0

60		5		4		1.0

23		6		4		1.0

61		6		4		1.0

24		6		4		1.0

62		6		4		1.0

30		4		4		1.0

63		4		4		1.0

35		7		4		1.0

64		7		4		1.0

38		7		3		1.0

65		7		3		0.982476422201959

53		5		3		1.0

66		5		3		0.982476422201959

56		7		4		1.0

67		7		4		1.0

15		4		3		1.0

68		4		3		1.0

23		7		4		1.0

69		7		4		1.0

25		5		2		1.0

70		5		2		1.0

30		5		4		1.0

71		5		4		1.0

35		8		4		1.0

72		8		4		1.0

40		6		2		1.0

73		6		2		1.0

41		7		4		1.0

74		7		4		1.0

43		4		4		1.0

75		4		4		1.0

49		5		1		1.0

76		5		1		1.0

50		6		2		1.0

77		6		2		1.0

51		6		4		0.982476422201959

78		6		4		1.0

63		5		4		1.0

79		5		4		1.0

64		8		4		1.0

80		8		4		1.0

65		8		3		0.982476422201959

81		8		3		1.0

2		4		2		0.517523577798041

82		4		2		1.0

7		4		3		1.0

83		4		3		1.0

11		4		3		0.982476422201959

84		4		3		1.0

17		6		4		1.0

85		6		4		1.0

21		6		4		1.0

86		6		4		1.0

35		9		4		1.0

87		9		4		1.0

37		7		4		1.0

88		7		4		1.0

42		6		2		1.0

89		6		2		1.0

44		6		2		1.0

90		6		2		1.0

46		7		4		1.0

91		7		4		1.0

47		7		4		1.0

92		7		4		0.5350471555960821

49		6		1		1.0

93		6		1		1.0

76		6		1		1.0

94		6		1		1.0

77		7		2		1.0

95		7		2		1.0

35		10		4		1.0

96		10		4		1.0

47		8		4		1.0

97		8		4		1.0

49		7		1		1.0

98		7		1		1.0

51		7		4		1.0

99		7		4		0.982476422201959

52		6		4		1.0

100		6		4		1.0

61		7		4		1.0

101		7		4		1.0

68		5		3		1.0

102		5		3		1.0

70		6		2		1.0

103		6		2		1.0

73		7		2		1.0

104		7		2		1.0

77		8		2		1.0

105		8		2		1.0

81		9		3		1.0

106		9		3		1.0

83		5		3		1.0

107		5		3		1.0

85		7		4		1.0

108		7		4		1.0

86		7		4		1.0

109		7		4		1.0

93		7		1		1.0

110		7		1		1.0
