2		1		2		50.0
5		1		2		50.0
1		1		1		50.0
6		1		1		50.0
0		1		0		50.0
7		1		0		50.0
5		2		2		96.54768299976311
8		2		2		53.452317000236896
3		1		3		50.0
9		1		3		50.0
4		1		4		50.0
10		1		4		50.0
7		2		0		98.27384149988156
11		2		0		51.726158500118444
1		2		1		51.726158500118444
12		2		1		98.27384149988156
1		3		1		51.726158500118444
13		3		1		100.0
4		2		4		51.726158500118444
14		2		4		98.27384149988156
6		2		1		98.27384149988156
15		2		1		51.726158500118444
12		3		1		98.27384149988156
16		3		1		100.0
11		3		0		98.27384149988156
17		3		0		53.452317000236896
13		4		1		100.0
18		4		1		100.0
15		3		1		98.27384149988156
19		3		1		53.452317000236896
