Cell ID		Generation	Cell lineage	% labelled

1		1		1		0.5

4		1		1		0.5

3		1		3		0.5

5		1		3		0.5

2		1		2		0.5

6		1		2		0.5

0		1		0		0.5

7		1		0		0.5

6		2		2		0.9800436078500262

8		2		2		0.5199563921499738

2		2		2		0.5199563921499738

9		2		2		0.9800436078500262

3		2		3		0.5

10		2		3		1.0

6		3		2		0.9800436078500262

11		3		2		1.0

0		2		0		0.5399127842999475

12		2		0		0.9600872157000525

7		2		0		0.9600872157000525

13		2		0		0.5399127842999475

11		4		2		1.0

14		4		2		1.0

13		3		0		1.0

15		3		0		0.5399127842999475

8		3		2		1.0

16		3		2		0.5199563921499738

9		3		2		1.0

17		3		2		0.9800436078500262

13		4		0		1.0

18		4		0		1.0

0		3		0		0.5399127842999475

19		3		0		1.0

2		3		2		0.5199563921499738

20		3		2		1.0

5		2		3		0.9800436078500262

21		2		3		0.5199563921499738

10		3		3		1.0

22		3		3		1.0

11		5		2		1.0

23		5		2		1.0

12		3		0		1.0

24		3		0		0.9600872157000525

13		5		0		1.0

25		5		0		1.0

1		2		1		0.5199563921499738

26		2		1		0.9800436078500262

5		3		3		0.9800436078500262

27		3		3		1.0

9		4		2		1.0

28		4		2		1.0

17		4		2		1.0

29		4		2		0.9800436078500262

18		5		0		1.0

30		5		0		1.0

20		4		2		1.0

31		4		2		1.0
