Oganism: Homo sapiens, Sex: Female, Initial Population Size: 5, Simulation Duration: 15, Time Interval: 1, Haploid #: 23

Cell ID		Generation	Cell lineage	% labelled

2		1		2		0.5

5		1		2		0.5

4		1		4		0.5

6		1		4		0.5

4		2		4		0.5199563921499738

7		2		4		0.9800436078500262

4		3		4		0.5199563921499738

8		3		4		1.0

0		1		0		0.5

9		1		0		0.5

4		4		4		0.5399127842999475

10		4		4		0.9800436078500262

6		2		4		0.9600872157000525

11		2		4		0.5399127842999475

8		4		4		1.0

12		4		4		1.0

3		1		3		0.5

13		1		3		0.5

8		5		4		1.0

14		5		4		1.0

11		3		4		1.0

15		3		4		0.5399127842999475

12		5		4		1.0

16		5		4		1.0

11		4		4		1.0

17		4		4		1.0

2		2		2		0.5199563921499738

18		2		2		0.9800436078500262

3		2		3		0.5

19		2		3		1.0

6		3		4		0.9600872157000525

20		3		4		1.0

8		6		4		1.0

21		6		4		1.0

10		5		4		0.9800436078500262

22		5		4		1.0

14		6		4		1.0

23		6		4		1.0

15		4		4		1.0

24		4		4		0.5399127842999475

17		5		4		1.0

25		5		4		1.0

8		7		4		1.0

26		7		4		1.0

19		3		3		1.0

27		3		3		1.0

23		7		4		1.0

28		7		4		1.0

24		5		4		1.0

29		5		4		0.5399127842999475

9		2		0		0.9800436078500262

30		2		0		0.5199563921499738

10		6		4		1.0

31		6		4		0.9800436078500262

11		5		4		1.0

32		5		4		1.0

12		6		4		1.0

33		6		4		1.0

14		7		4		1.0

34		7		4		1.0

24		6		4		1.0

35		6		4		1.0

25		6		4		1.0

36		6		4		1.0

26		8		4		1.0

37		8		4		1.0

5		2		2		1.0

38		2		2		0.5

6		4		4		1.0

39		4		4		0.9600872157000525

8		8		4		1.0

40		8		4		1.0

10		7		4		1.0

41		7		4		1.0

11		6		4		1.0

42		6		4		1.0

19		4		3		1.0

43		4		3		1.0

20		4		4		1.0

44		4		4		1.0

22		6		4		1.0

45		6		4		1.0

29		6		4		1.0

46		6		4		0.5399127842999475

30		3		0		0.9800436078500262

47		3		0		0.5399127842999475

33		7		4		1.0

48		7		4		1.0

37		9		4		1.0

49		9		4		1.0

0		2		0		0.5199563921499738

50		2		0		0.9800436078500262

9		3		0		0.9800436078500262

51		3		0		1.0

13		2		3		0.9800436078500262

52		2		3		0.5199563921499738

17		6		4		1.0

53		6		4		1.0

20		5		4		1.0

54		5		4		1.0

28		8		4		1.0

55		8		4		1.0

29		7		4		1.0

56		7		4		1.0

40		9		4		1.0

57		9		4		1.0

43		5		3		1.0

58		5		3		1.0

45		7		4		1.0

59		7		4		1.0

48		8		4		1.0

60		8		4		1.0

0		3		0		0.5399127842999475

61		3		0		0.9800436078500262

11		7		4		1.0

62		7		4		1.0

12		7		4		1.0

63		7		4		1.0

13		3		3		1.0

64		3		3		0.9800436078500262

21		7		4		1.0

65		7		4		1.0

24		7		4		1.0

66		7		4		1.0

26		9		4		1.0

67		9		4		1.0

27		4		3		1.0

68		4		3		1.0

28		9		4		1.0

69		9		4		1.0

31		7		4		0.9800436078500262

70		7		4		1.0

33		8		4		1.0

71		8		4		1.0

35		7		4		1.0

72		7		4		1.0

40		10		4		1.0

73		10		4		1.0

51		4		0		1.0

74		4		0		1.0

52		3		3		1.0

75		3		3		0.5199563921499738

55		9		4		1.0

76		9		4		1.0

59		8		4		1.0

77		8		4		1.0

60		9		4		1.0

78		9		4		1.0
