0		1		0		50.0

5		1		0		50.0
1		1		1		50.0

6		1		1		50.0
2		1		2		50.0

7		1		2		50.0
3		1		3		50.0

8		1		3		50.0
4		1		4		50.0

9		1		4		50.0
0		2		0		53.452317000236896

10		2		0		96.54768299976311
1		2		1		51.726158500118444

11		2		1		98.27384149988156
2		2		2		51.726158500118444

12		2		2		98.27384149988156
3		2		3		53.452317000236896

13		2		3		96.54768299976311
4		2		4		53.452317000236896

14		2		4		96.54768299976311
5		2		0		100.0

15		2		0		50.0
6		2		1		98.27384149988156

16		2		1		51.726158500118444
7		2		2		100.0

17		2		2		50.0
8		2		3		98.27384149988156

18		2		3		51.726158500118444
9		2		4		98.27384149988156

19		2		4		51.726158500118444
0		3		0		53.452317000236896

20		3		0		100.0
1		3		1		53.452317000236896

21		3		1		98.27384149988156
2		3		2		51.726158500118444

22		3		2		100.0
3		3		3		53.452317000236896

23		3		3		100.0
4		3		4		53.452317000236896

24		3		4		100.0
5		3		0		100.0

25		3		0		100.0
6		3		1		100.0

26		3		1		98.27384149988156
7		3		2		100.0

27		3		2		100.0
8		3		3		100.0

28		3		3		98.27384149988156
9		3		4		98.27384149988156

29		3		4		100.0
10		3		0		100.0

30		3		0		96.54768299976311
11		3		1		98.27384149988156

31		3		1		100.0
12		3		2		100.0

32		3		2		98.27384149988156
13		3		3		100.0

33		3		3		96.54768299976311
14		3		4		100.0

34		3		4		96.54768299976311
15		3		0		98.27384149988156

35		3		0		51.726158500118444
16		3		1		98.27384149988156

36		3		1		53.452317000236896
17		3		2		98.27384149988156

37		3		2		51.726158500118444
18		3		3		98.27384149988156

38		3		3		53.452317000236896
19		3		4		100.0

39		3		4		51.726158500118444
0		4		0		53.452317000236896

40		4		0		100.0
1		4		1		53.452317000236896

41		4		1		100.0
2		4		2		53.452317000236896

42		4		2		98.27384149988156
3		4		3		53.452317000236896

43		4		3		100.0
4		4		4		53.452317000236896

44		4		4		100.0
5		4		0		100.0

45		4		0		100.0
6		4		1		100.0

46		4		1		100.0
7		4		2		100.0

47		4		2		100.0
8		4		3		100.0

48		4		3		100.0
9		4		4		98.27384149988156

49		4		4		100.0
10		4		0		100.0

50		4		0		100.0
11		4		1		100.0

51		4		1		98.27384149988156
12		4		2		100.0

52		4		2		100.0
13		4		3		100.0

53		4		3		100.0
14		4		4		100.0

54		4		4		100.0
15		4		0		100.0

55		4		0		98.27384149988156
16		4		1		98.27384149988156

56		4		1		100.0
17		4		2		100.0

57		4		2		98.27384149988156
18		4		3		98.27384149988156

58		4		3		100.0
19		4		4		100.0

59		4		4		100.0
20		4		0		100.0

60		4		0		100.0
21		4		1		100.0

61		4		1		98.27384149988156
22		4		2		100.0

62		4		2		100.0
23		4		3		100.0

63		4		3		100.0
24		4		4		100.0

64		4		4		100.0
25		4		0		100.0

65		4		0		100.0
26		4		1		100.0

66		4		1		98.27384149988156
27		4		2		100.0

67		4		2		100.0
28		4		3		98.27384149988156

68		4		3		100.0
29		4		4		100.0

69		4		4		100.0
30		4		0		100.0

70		4		0		96.54768299976311
31		4		1		100.0

71		4		1		100.0
32		4		2		98.27384149988156

72		4		2		100.0
33		4		3		100.0

73		4		3		96.54768299976311
34		4		4		96.54768299976311

74		4		4		100.0
35		4		0		100.0

75		4		0		51.726158500118444
36		4		1		100.0

76		4		1		53.452317000236896
37		4		2		98.27384149988156

77		4		2		53.452317000236896
38		4		3		100.0

78		4		3		53.452317000236896
39		4		4		100.0

79		4		4		51.726158500118444
0		5		0		53.452317000236896

80		5		0		100.0
1		5		1		53.452317000236896

81		5		1		100.0
2		5		2		53.452317000236896

82		5		2		100.0
3		5		3		53.452317000236896

83		5		3		100.0
4		5		4		53.452317000236896

84		5		4		100.0
5		5		0		100.0

85		5		0		100.0
6		5		1		100.0

86		5		1		100.0
7		5		2		100.0

87		5		2		100.0
8		5		3		100.0

88		5		3		100.0
9		5		4		100.0

89		5		4		98.27384149988156
10		5		0		100.0

90		5		0		100.0
11		5		1		100.0

91		5		1		100.0
12		5		2		100.0

92		5		2		100.0
13		5		3		100.0

93		5		3		100.0
14		5		4		100.0

94		5		4		100.0
15		5		0		100.0

95		5		0		100.0
16		5		1		98.27384149988156

96		5		1		100.0
17		5		2		100.0

97		5		2		100.0
18		5		3		98.27384149988156

98		5		3		100.0
19		5		4		100.0

99		5		4		100.0
20		5		0		100.0

100		5		0		100.0
21		5		1		100.0

101		5		1		100.0
22		5		2		100.0

102		5		2		100.0
23		5		3		100.0

103		5		3		100.0
24		5		4		100.0

104		5		4		100.0
25		5		0		100.0

105		5		0		100.0
26		5		1		100.0

106		5		1		100.0
27		5		2		100.0

107		5		2		100.0
28		5		3		98.27384149988156

108		5		3		100.0
29		5		4		100.0

109		5		4		100.0
30		5		0		100.0

110		5		0		100.0
31		5		1		100.0

111		5		1		100.0
32		5		2		98.27384149988156

112		5		2		100.0
33		5		3		100.0

113		5		3		100.0
34		5		4		96.54768299976311

114		5		4		100.0
35		5		0		100.0

115		5		0		100.0
36		5		1		100.0

116		5		1		100.0
37		5		2		100.0

117		5		2		98.27384149988156
38		5		3		100.0

118		5		3		100.0
39		5		4		100.0

119		5		4		100.0
40		5		0		100.0

120		5		0		100.0
41		5		1		100.0

121		5		1		100.0
42		5		2		100.0

122		5		2		98.27384149988156
43		5		3		100.0

123		5		3		100.0
44		5		4		100.0

124		5		4		100.0
45		5		0		100.0

125		5		0		100.0
46		5		1		100.0

126		5		1		100.0
47		5		2		100.0

127		5		2		100.0
48		5		3		100.0

128		5		3		100.0
49		5		4		100.0

129		5		4		100.0
50		5		0		100.0

130		5		0		100.0
51		5		1		98.27384149988156

131		5		1		100.0
52		5		2		100.0

132		5		2		100.0
53		5		3		100.0

133		5		3		100.0
54		5		4		100.0

134		5		4		100.0
55		5		0		100.0

135		5		0		98.27384149988156
56		5		1		100.0

136		5		1		100.0
57		5		2		100.0

137		5		2		98.27384149988156
58		5		3		100.0

138		5		3		100.0
59		5		4		100.0

139		5		4		100.0
60		5		0		100.0

140		5		0		100.0
61		5		1		98.27384149988156

141		5		1		100.0
62		5		2		100.0

142		5		2		100.0
63		5		3		100.0

143		5		3		100.0
64		5		4		100.0

144		5		4		100.0
65		5		0		100.0

145		5		0		100.0
66		5		1		98.27384149988156

146		5		1		100.0
67		5		2		100.0

147		5		2		100.0
68		5		3		100.0

148		5		3		100.0
69		5		4		100.0

149		5		4		100.0
70		5		0		100.0

150		5		0		96.54768299976311
71		5		1		100.0

151		5		1		100.0
72		5		2		100.0

152		5		2		100.0
73		5		3		98.27384149988156

153		5		3		98.27384149988156
74		5		4		100.0

154		5		4		100.0
75		5		0		98.27384149988156

155		5		0		53.452317000236896
76		5		1		100.0

156		5		1		53.452317000236896
77		5		2		100.0

157		5		2		53.452317000236896
78		5		3		100.0

158		5		3		53.452317000236896
79		5		4		100.0

159		5		4		51.726158500118444
