Oganism: Mus musculus, Sex: Male, Initial Population Size: 7, Simulation Duration: 20, Time Interval: 1, Haploid #: 20

Cell ID		Generation	Cell lineage	% labelled

4		1		4		50.0

7		1		4		50.0

1		1		1		50.0

8		1		1		50.0

2		1		2		50.0

9		1		2		50.0

6		1		6		50.0

10		1		6		50.0

7		2		4		96.4952844403918

11		2		4		53.50471555960821

0		1		0		50.0

12		1		0		50.0

2		2		2		53.50471555960821

13		2		2		96.4952844403918

9		2		2		100.0

14		2		2		50.0

0		2		0		50.0

15		2		0		100.0

9		3		2		100.0

16		3		2		100.0

12		2		0		96.4952844403918

17		2		0		53.50471555960821

0		3		0		53.50471555960821

18		3		0		96.4952844403918

3		1		3		50.0

19		1		3		50.0

10		2		6		96.4952844403918

20		2		6		53.50471555960821

11		3		4		100.0

21		3		4		53.50471555960821

13		3		2		98.2476422201959

22		3		2		98.2476422201959

15		3		0		100.0

23		3		0		100.0

1		2		1		50.0

24		2		1		100.0

4		2		4		51.7523577798041

25		2		4		98.2476422201959

8		2		1		100.0

26		2		1		50.0

10		3		6		98.2476422201959

27		3		6		98.2476422201959

11		4		4		100.0

28		4		4		100.0

17		3		0		100.0

29		3		0		53.50471555960821

20		3		6		100.0

30		3		6		53.50471555960821

21		4		4		100.0

31		4		4		53.50471555960821

10		4		6		100.0

32		4		6		98.2476422201959

15		4		0		100.0

33		4		0		100.0

19		2		3		98.2476422201959

34		2		3		51.7523577798041

21		5		4		100.0

35		5		4		100.0

29		4		0		100.0

36		4		0		53.50471555960821

1		3		1		53.50471555960821

37		3		1		96.4952844403918

5		1		5		50.0

38		1		5		50.0

12		3		0		100.0

39		3		0		96.4952844403918

19		3		3		100.0

40		3		3		98.2476422201959

33		5		0		100.0

41		5		0		100.0

4		3		4		53.50471555960821

42		3		4		98.2476422201959

12		4		0		100.0

43		4		0		100.0

18		4		0		96.4952844403918

44		4		0		100.0

23		4		0		100.0

45		4		0		100.0

24		3		1		100.0

46		3		1		100.0

33		6		0		100.0

47		6		0		100.0

37		4		1		98.2476422201959

48		4		1		98.2476422201959

7		3		4		98.2476422201959

49		3		4		98.2476422201959

12		5		0		100.0

50		5		0		100.0

13		4		2		98.2476422201959

51		4		2		100.0

17		4		0		100.0

52		4		0		100.0

21		6		4		100.0

53		6		4		100.0

36		5		0		100.0

54		5		0		53.50471555960821

41		6		0		100.0

55		6		0		100.0

45		5		0		100.0

56		5		0		100.0

6		2		6		51.7523577798041

57		2		6		98.2476422201959

7		4		4		98.2476422201959

58		4		4		100.0

10		5		6		100.0

59		5		6		100.0

21		7		4		100.0

60		7		4		100.0

26		3		1		96.4952844403918

61		3		1		53.50471555960821

37		5		1		100.0

62		5		1		98.2476422201959

49		4		4		100.0

63		4		4		98.2476422201959

52		5		0		100.0

64		5		0		100.0

54		6		0		100.0

65		6		0		53.50471555960821

7		5		4		98.2476422201959

66		5		4		100.0

20		4		6		100.0

67		4		6		100.0

23		5		0		100.0

68		5		0		100.0

29		5		0		100.0

69		5		0		100.0

33		7		0		100.0

70		7		0		100.0

34		3		3		100.0

71		3		3		51.7523577798041

41		7		0		100.0

72		7		0		100.0

44		5		0		100.0

73		5		0		100.0

51		5		2		100.0

74		5		2		100.0

55		7		0		100.0

75		7		0		100.0

62		6		1		98.2476422201959

76		6		1		100.0

0		4		0		53.50471555960821

77		4		0		100.0

2		3		2		53.50471555960821

78		3		2		100.0

4		4		4		53.50471555960821

79		4		4		100.0

6		3		6		53.50471555960821

80		3		6		98.2476422201959

7		6		4		100.0

81		6		4		98.2476422201959

12		6		0		100.0

82		6		0		100.0

23		6		0		100.0

83		6		0		100.0

25		3		4		98.2476422201959

84		3		4		100.0

32		5		6		100.0

85		5		6		98.2476422201959

41		8		0		100.0

86		8		0		100.0

46		4		1		100.0

87		4		1		100.0

49		5		4		100.0

88		5		4		100.0

51		6		2		100.0

89		6		2		100.0

53		7		4		100.0

90		7		4		100.0

54		7		0		100.0

91		7		0		100.0

55		8		0		100.0

92		8		0		100.0

56		6		0		100.0

93		6		0		100.0

64		6		0		100.0

94		6		0		100.0

70		8		0		100.0

95		8		0		100.0

74		6		2		100.0

96		6		2		100.0

4		5		4		53.50471555960821

97		5		4		100.0

7		7		4		100.0

98		7		4		100.0

8		3		1		100.0

99		3		1		100.0

11		5		4		100.0

100		5		4		100.0

12		7		0		100.0

101		7		0		100.0

13		5		2		100.0

102		5		2		98.2476422201959

18		5		0		98.2476422201959

103		5		0		98.2476422201959

23		7		0		100.0

104		7		0		100.0

24		4		1		100.0

105		4		1		100.0

39		4		0		96.4952844403918

106		4		0		100.0

48		5		1		100.0

107		5		1		98.2476422201959

63		5		4		100.0

108		5		4		98.2476422201959

66		6		4		100.0

109		6		4		100.0

68		6		0		100.0

110		6		0		100.0

70		9		0		100.0

111		9		0		100.0

91		8		0		100.0

112		8		0		100.0

6		4		6		53.50471555960821

113		4		6		100.0

17		5		0		100.0

114		5		0		100.0

18		6		0		100.0

115		6		0		98.2476422201959

28		5		4		100.0

116		5		4		100.0

33		8		0		100.0

117		8		0		100.0

35		6		4		100.0

118		6		4		100.0

43		5		0		100.0

119		5		0		100.0

44		6		0		100.0

120		6		0		100.0

54		8		0		100.0

121		8		0		100.0

57		3		6		98.2476422201959

122		3		6		100.0

59		6		6		100.0

123		6		6		100.0

76		7		1		100.0

124		7		1		100.0

77		5		0		100.0

125		5		0		100.0

80		4		6		100.0

126		4		6		98.2476422201959

84		4		4		100.0

127		4		4		100.0

87		5		1		100.0

128		5		1		100.0

98		8		4		100.0

129		8		4		100.0

101		8		0		100.0

130		8		0		100.0

111		10		0		100.0

131		10		0		100.0

0		5		0		53.50471555960821

132		5		0		100.0

3		2		3		53.50471555960821

133		2		3		96.4952844403918

7		8		4		100.0

134		8		4		100.0

11		6		4		100.0

135		6		4		100.0

13		6		2		100.0

136		6		2		100.0

16		4		2		100.0

137		4		2		100.0

17		6		0		100.0

138		6		0		100.0

24		5		1		100.0

139		5		1		100.0

25		4		4		100.0

140		4		4		98.2476422201959

28		6		4		100.0

141		6		4		100.0

30		4		6		100.0

142		4		6		53.50471555960821

38		2		5		98.2476422201959

143		2		5		51.7523577798041

43		6		0		100.0

144		6		0		100.0

60		8		4		100.0

145		8		4		100.0

73		6		0		100.0

146		6		0		100.0

84		5		4		100.0

147		5		4		100.0

86		9		0		100.0

148		9		0		100.0

88		6		4		100.0

149		6		4		100.0

94		7		0		100.0

150		7		0		100.0

99		4		1		100.0

151		4		1		100.0

100		6		4		100.0

152		6		4		100.0

102		6		2		98.2476422201959

153		6		2		100.0

105		5		1		100.0

154		5		1		100.0

113		5		6		100.0

155		5		6		100.0

115		7		0		100.0

156		7		0		98.2476422201959

118		7		4		100.0

157		7		4		100.0

123		7		6		100.0

158		7		6		100.0

127		5		4		100.0

159		5		4		100.0

19		4		3		100.0

160		4		3		100.0

20		5		6		100.0

161		5		6		100.0

24		6		1		100.0

162		6		1		100.0

32		6		6		100.0

163		6		6		100.0

34		4		3		100.0

164		4		3		100.0

49		6		4		100.0

165		6		4		100.0

51		7		2		100.0

166		7		2		100.0

52		6		0		100.0

167		6		0		100.0

57		4		6		100.0

168		4		6		98.2476422201959

62		7		1		100.0

169		7		1		98.2476422201959

68		7		0		100.0

170		7		0		100.0

70		10		0		100.0

171		10		0		100.0

71		4		3		100.0

172		4		3		51.7523577798041

72		8		0		100.0

173		8		0		100.0

77		6		0		100.0

174		6		0		100.0

80		5		6		100.0

175		5		6		100.0

90		8		4		100.0

176		8		4		100.0

98		9		4		100.0

177		9		4		100.0

125		6		0		100.0

178		6		0		100.0

132		6		0		100.0

179		6		0		100.0

136		7		2		100.0

180		7		2		100.0

139		6		1		100.0

181		6		1		100.0

150		8		0		100.0

182		8		0		100.0

151		5		1		100.0

183		5		1		100.0

155		6		6		100.0

184		6		6		100.0

156		8		0		98.2476422201959

185		8		0		100.0

0		6		0		53.50471555960821

186		6		0		100.0

3		3		3		53.50471555960821

187		3		3		100.0

15		5		0		100.0

188		5		0		100.0

17		7		0		100.0

189		7		0		100.0

27		4		6		100.0

190		4		6		98.2476422201959

29		6		0		100.0

191		6		0		100.0

30		5		6		100.0

192		5		6		100.0

31		5		4		100.0

193		5		4		53.50471555960821

39		5		0		98.2476422201959

194		5		0		98.2476422201959

43		7		0		100.0

195		7		0		100.0

48		6		1		100.0

196		6		1		100.0

52		7		0		100.0

197		7		0		100.0

58		5		4		100.0

198		5		4		100.0

62		8		1		100.0

199		8		1		100.0

70		11		0		100.0

200		11		0		100.0

74		7		2		100.0

201		7		2		100.0

82		7		0		100.0

202		7		0		100.0

94		8		0		100.0

203		8		0		100.0

96		7		2		100.0

204		7		2		100.0

97		6		4		100.0

205		6		4		100.0

102		7		2		98.2476422201959

206		7		2		100.0

110		7		0		100.0

207		7		0		100.0

121		9		0		100.0

208		9		0		100.0

122		4		6		100.0

209		4		6		100.0

127		6		4		100.0

210		6		4		100.0

131		11		0		100.0

211		11		0		100.0

133		3		3		98.2476422201959

212		3		3		98.2476422201959

135		7		4		100.0

213		7		4		100.0

148		10		0		100.0

214		10		0		100.0

155		7		6		100.0

215		7		6		100.0

160		5		3		100.0

216		5		3		100.0

164		5		3		100.0

217		5		3		100.0

169		8		1		100.0

218		8		1		98.2476422201959

179		7		0		100.0

219		7		0		100.0

181		7		1		100.0

220		7		1		100.0

182		9		0		100.0

221		9		0		100.0

183		6		1		100.0

222		6		1		100.0
