0		1		0		50.0

4		1		0		50.0
1		1		1		50.0

5		1		1		50.0
2		1		2		50.0

6		1		2		50.0
3		1		3		50.0

7		1		3		50.0
0		2		0		50.0

8		2		0		100.0
1		2		1		50.0

9		2		1		100.0
2		2		2		50.0

10		2		2		100.0
3		2		3		51.99563921499738

11		2		3		98.00436078500262
4		2		0		98.00436078500262

12		2		0		51.99563921499738
5		2		1		96.00872157000525

13		2		1		53.99127842999475
6		2		2		98.00436078500262

14		2		2		51.99563921499738
7		2		3		96.00872157000525

15		2		3		53.99127842999475
0		3		0		50.0

16		3		0		100.0
1		3		1		51.99563921499738

17		3		1		98.00436078500262
2		3		2		53.99127842999475

18		3		2		96.00872157000525
3		3		3		51.99563921499738

19		3		3		100.0
4		3		0		98.00436078500262

20		3		0		100.0
5		3		1		98.00436078500262

21		3		1		98.00436078500262
6		3		2		98.00436078500262

22		3		2		100.0
7		3		3		98.00436078500262

23		3		3		98.00436078500262
8		3		0		100.0

24		3		0		100.0
9		3		1		100.0

25		3		1		100.0
10		3		2		100.0

26		3		2		100.0
11		3		3		98.00436078500262

27		3		3		100.0
12		3		0		98.00436078500262

28		3		0		53.99127842999475
13		3		1		100.0

29		3		1		53.99127842999475
14		3		2		98.00436078500262

30		3		2		53.99127842999475
15		3		3		100.0

31		3		3		53.99127842999475
0		4		0		53.99127842999475

32		4		0		96.00872157000525
1		4		1		51.99563921499738

33		4		1		100.0
2		4		2		53.99127842999475

34		4		2		100.0
3		4		3		51.99563921499738

35		4		3		100.0
4		4		0		100.0

36		4		0		98.00436078500262
5		4		1		100.0

37		4		1		98.00436078500262
6		4		2		98.00436078500262

38		4		2		100.0
7		4		3		98.00436078500262

39		4		3		100.0
8		4		0		100.0

40		4		0		100.0
9		4		1		100.0

41		4		1		100.0
10		4		2		100.0

42		4		2		100.0
11		4		3		100.0

43		4		3		98.00436078500262
12		4		0		98.00436078500262

44		4		0		100.0
13		4		1		100.0

45		4		1		100.0
14		4		2		98.00436078500262

46		4		2		100.0
15		4		3		100.0

47		4		3		100.0
16		4		0		100.0

48		4		0		100.0
17		4		1		100.0

49		4		1		98.00436078500262
18		4		2		98.00436078500262

50		4		2		98.00436078500262
19		4		3		100.0

51		4		3		100.0
20		4		0		100.0

52		4		0		100.0
21		4		1		100.0

53		4		1		98.00436078500262
22		4		2		100.0

54		4		2		100.0
23		4		3		100.0

55		4		3		98.00436078500262
24		4		0		100.0

56		4		0		100.0
25		4		1		100.0

57		4		1		100.0
26		4		2		100.0

58		4		2		100.0
27		4		3		100.0

59		4		3		100.0
28		4		0		100.0

60		4		0		53.99127842999475
29		4		1		100.0

61		4		1		53.99127842999475
30		4		2		100.0

62		4		2		53.99127842999475
31		4		3		100.0

63		4		3		53.99127842999475
0		5		0		53.99127842999475

64		5		0		100.0
1		5		1		51.99563921499738

65		5		1		100.0
2		5		2		53.99127842999475

66		5		2		100.0
3		5		3		51.99563921499738

67		5		3		100.0
4		5		0		100.0

68		5		0		100.0
5		5		1		100.0

69		5		1		100.0
6		5		2		98.00436078500262

70		5		2		100.0
7		5		3		98.00436078500262

71		5		3		100.0
8		5		0		100.0

72		5		0		100.0
9		5		1		100.0

73		5		1		100.0
10		5		2		100.0

74		5		2		100.0
11		5		3		100.0

75		5		3		100.0
12		5		0		98.00436078500262

76		5		0		100.0
13		5		1		100.0

77		5		1		100.0
14		5		2		100.0

78		5		2		98.00436078500262
15		5		3		100.0

79		5		3		100.0
16		5		0		100.0

80		5		0		100.0
17		5		1		100.0

81		5		1		100.0
18		5		2		100.0

82		5		2		98.00436078500262
19		5		3		100.0

83		5		3		100.0
20		5		0		100.0

84		5		0		100.0
21		5		1		100.0

85		5		1		100.0
22		5		2		100.0

86		5		2		100.0
23		5		3		100.0

87		5		3		100.0
24		5		0		100.0

88		5		0		100.0
25		5		1		100.0

89		5		1		100.0
26		5		2		100.0

90		5		2		100.0
27		5		3		100.0

91		5		3		100.0
28		5		0		100.0

92		5		0		100.0
29		5		1		100.0

93		5		1		100.0
30		5		2		100.0

94		5		2		100.0
31		5		3		100.0

95		5		3		100.0
32		5		0		98.00436078500262

96		5		0		98.00436078500262
33		5		1		100.0

97		5		1		100.0
34		5		2		100.0

98		5		2		100.0
35		5		3		100.0

99		5		3		100.0
36		5		0		100.0

100		5		0		98.00436078500262
37		5		1		100.0

101		5		1		98.00436078500262
38		5		2		100.0

102		5		2		100.0
39		5		3		100.0

103		5		3		100.0
40		5		0		100.0

104		5		0		100.0
41		5		1		100.0

105		5		1		100.0
42		5		2		100.0

106		5		2		100.0
43		5		3		100.0

107		5		3		98.00436078500262
44		5		0		100.0

108		5		0		100.0
45		5		1		100.0

109		5		1		100.0
46		5		2		100.0

110		5		2		100.0
47		5		3		100.0

111		5		3		100.0
48		5		0		100.0

112		5		0		100.0
49		5		1		100.0

113		5		1		98.00436078500262
50		5		2		100.0

114		5		2		98.00436078500262
51		5		3		100.0

115		5		3		100.0
52		5		0		100.0

116		5		0		100.0
53		5		1		100.0

117		5		1		98.00436078500262
54		5		2		100.0

118		5		2		100.0
55		5		3		100.0

119		5		3		98.00436078500262
56		5		0		100.0

120		5		0		100.0
57		5		1		100.0

121		5		1		100.0
58		5		2		100.0

122		5		2		100.0
59		5		3		100.0

123		5		3		100.0
60		5		0		100.0

124		5		0		53.99127842999475
61		5		1		100.0

125		5		1		53.99127842999475
62		5		2		100.0

126		5		2		53.99127842999475
63		5		3		100.0

127		5		3		53.99127842999475
0		6		0		53.99127842999475

128		6		0		100.0
1		6		1		51.99563921499738

129		6		1		100.0
2		6		2		53.99127842999475

130		6		2		100.0
3		6		3		51.99563921499738

131		6		3		100.0
4		6		0		100.0

132		6		0		100.0
5		6		1		100.0

133		6		1		100.0
6		6		2		98.00436078500262

134		6		2		100.0
7		6		3		98.00436078500262

135		6		3		100.0
8		6		0		100.0

136		6		0		100.0
9		6		1		100.0

137		6		1		100.0
10		6		2		100.0

138		6		2		100.0
11		6		3		100.0

139		6		3		100.0
12		6		0		100.0

140		6		0		98.00436078500262
13		6		1		100.0

141		6		1		100.0
14		6		2		100.0

142		6		2		100.0
15		6		3		100.0

143		6		3		100.0
16		6		0		100.0

144		6		0		100.0
17		6		1		100.0

145		6		1		100.0
18		6		2		100.0

146		6		2		100.0
19		6		3		100.0

147		6		3		100.0
20		6		0		100.0

148		6		0		100.0
21		6		1		100.0

149		6		1		100.0
22		6		2		100.0

150		6		2		100.0
23		6		3		100.0

151		6		3		100.0
24		6		0		100.0

152		6		0		100.0
25		6		1		100.0

153		6		1		100.0
26		6		2		100.0

154		6		2		100.0
27		6		3		100.0

155		6		3		100.0
28		6		0		100.0

156		6		0		100.0
29		6		1		100.0

157		6		1		100.0
30		6		2		100.0

158		6		2		100.0
31		6		3		100.0

159		6		3		100.0
32		6		0		100.0

160		6		0		98.00436078500262
33		6		1		100.0

161		6		1		100.0
34		6		2		100.0

162		6		2		100.0
35		6		3		100.0

163		6		3		100.0
36		6		0		100.0

164		6		0		100.0
37		6		1		100.0

165		6		1		100.0
38		6		2		100.0

166		6		2		100.0
39		6		3		100.0

167		6		3		100.0
40		6		0		100.0

168		6		0		100.0
41		6		1		100.0

169		6		1		100.0
42		6		2		100.0

170		6		2		100.0
43		6		3		100.0

171		6		3		100.0
44		6		0		100.0

172		6		0		100.0
45		6		1		100.0

173		6		1		100.0
46		6		2		100.0

174		6		2		100.0
47		6		3		100.0

175		6		3		100.0
48		6		0		100.0

176		6		0		100.0
49		6		1		100.0

177		6		1		100.0
50		6		2		100.0

178		6		2		100.0
51		6		3		100.0

179		6		3		100.0
52		6		0		100.0

180		6		0		100.0
53		6		1		100.0

181		6		1		100.0
54		6		2		100.0

182		6		2		100.0
55		6		3		100.0

183		6		3		100.0
56		6		0		100.0

184		6		0		100.0
57		6		1		100.0

185		6		1		100.0
58		6		2		100.0

186		6		2		100.0
59		6		3		100.0

187		6		3		100.0
60		6		0		100.0

188		6		0		100.0
61		6		1		100.0

189		6		1		100.0
62		6		2		100.0

190		6		2		100.0
63		6		3		100.0

191		6		3		100.0
64		6		0		100.0

192		6		0		100.0
65		6		1		100.0

193		6		1		100.0
66		6		2		100.0

194		6		2		100.0
67		6		3		100.0

195		6		3		100.0
68		6		0		100.0

196		6		0		100.0
69		6		1		100.0

197		6		1		100.0
70		6		2		100.0

198		6		2		100.0
71		6		3		100.0

199		6		3		100.0
72		6		0		100.0

200		6		0		100.0
73		6		1		100.0

201		6		1		100.0
74		6		2		100.0

202		6		2		100.0
75		6		3		100.0

203		6		3		100.0
76		6		0		100.0

204		6		0		100.0
77		6		1		100.0

205		6		1		100.0
78		6		2		98.00436078500262

206		6		2		100.0
79		6		3		100.0

207		6		3		100.0
80		6		0		100.0

208		6		0		100.0
81		6		1		100.0

209		6		1		100.0
82		6		2		100.0

210		6		2		98.00436078500262
83		6		3		100.0

211		6		3		100.0
84		6		0		100.0

212		6		0		100.0
85		6		1		100.0

213		6		1		100.0
86		6		2		100.0

214		6		2		100.0
87		6		3		100.0

215		6		3		100.0
88		6		0		100.0

216		6		0		100.0
89		6		1		100.0

217		6		1		100.0
90		6		2		100.0

218		6		2		100.0
91		6		3		100.0

219		6		3		100.0
92		6		0		100.0

220		6		0		100.0
93		6		1		100.0

221		6		1		100.0
94		6		2		100.0

222		6		2		100.0
95		6		3		100.0

223		6		3		100.0
96		6		0		98.00436078500262

224		6		0		100.0
97		6		1		100.0

225		6		1		100.0
98		6		2		100.0

226		6		2		100.0
99		6		3		100.0

227		6		3		100.0
100		6		0		100.0

228		6		0		98.00436078500262
101		6		1		98.00436078500262

229		6		1		100.0
102		6		2		100.0

230		6		2		100.0
103		6		3		100.0

231		6		3		100.0
104		6		0		100.0

232		6		0		100.0
105		6		1		100.0

233		6		1		100.0
106		6		2		100.0

234		6		2		100.0
107		6		3		100.0

235		6		3		98.00436078500262
108		6		0		100.0

236		6		0		100.0
109		6		1		100.0

237		6		1		100.0
110		6		2		100.0

238		6		2		100.0
111		6		3		100.0

239		6		3		100.0
112		6		0		100.0

240		6		0		100.0
113		6		1		100.0

241		6		1		98.00436078500262
114		6		2		98.00436078500262

242		6		2		100.0
115		6		3		100.0

243		6		3		100.0
116		6		0		100.0

244		6		0		100.0
117		6		1		100.0

245		6		1		98.00436078500262
118		6		2		100.0

246		6		2		100.0
119		6		3		100.0

247		6		3		98.00436078500262
120		6		0		100.0

248		6		0		100.0
121		6		1		100.0

249		6		1		100.0
122		6		2		100.0

250		6		2		100.0
123		6		3		100.0

251		6		3		100.0
124		6		0		100.0

252		6		0		53.99127842999475
125		6		1		100.0

253		6		1		53.99127842999475
126		6		2		100.0

254		6		2		53.99127842999475
127		6		3		100.0

255		6		3		53.99127842999475
0		7		0		53.99127842999475

256		7		0		100.0
1		7		1		53.99127842999475

257		7		1		98.00436078500262
2		7		2		53.99127842999475

258		7		2		100.0
3		7		3		53.99127842999475

259		7		3		98.00436078500262
4		7		0		100.0

260		7		0		100.0
5		7		1		100.0

261		7		1		100.0
6		7		2		100.0

262		7		2		98.00436078500262
7		7		3		98.00436078500262

263		7		3		100.0
8		7		0		100.0

264		7		0		100.0
9		7		1		100.0

265		7		1		100.0
10		7		2		100.0

266		7		2		100.0
11		7		3		100.0

267		7		3		100.0
12		7		0		100.0

268		7		0		100.0
13		7		1		100.0

269		7		1		100.0
14		7		2		100.0

270		7		2		100.0
15		7		3		100.0

271		7		3		100.0
16		7		0		100.0

272		7		0		100.0
17		7		1		100.0

273		7		1		100.0
18		7		2		100.0

274		7		2		100.0
19		7		3		100.0

275		7		3		100.0
20		7		0		100.0

276		7		0		100.0
21		7		1		100.0

277		7		1		100.0
22		7		2		100.0

278		7		2		100.0
23		7		3		100.0

279		7		3		100.0
24		7		0		100.0

280		7		0		100.0
25		7		1		100.0

281		7		1		100.0
26		7		2		100.0

282		7		2		100.0
27		7		3		100.0

283		7		3		100.0
28		7		0		100.0

284		7		0		100.0
29		7		1		100.0

285		7		1		100.0
30		7		2		100.0

286		7		2		100.0
31		7		3		100.0

287		7		3		100.0
32		7		0		100.0

288		7		0		100.0
33		7		1		100.0

289		7		1		100.0
34		7		2		100.0

290		7		2		100.0
35		7		3		100.0

291		7		3		100.0
36		7		0		100.0

292		7		0		100.0
37		7		1		100.0

293		7		1		100.0
38		7		2		100.0

294		7		2		100.0
39		7		3		100.0

295		7		3		100.0
40		7		0		100.0

296		7		0		100.0
41		7		1		100.0

297		7		1		100.0
42		7		2		100.0

298		7		2		100.0
43		7		3		100.0

299		7		3		100.0
44		7		0		100.0

300		7		0		100.0
45		7		1		100.0

301		7		1		100.0
46		7		2		100.0

302		7		2		100.0
47		7		3		100.0

303		7		3		100.0
48		7		0		100.0

304		7		0		100.0
49		7		1		100.0

305		7		1		100.0
50		7		2		100.0

306		7		2		100.0
51		7		3		100.0

307		7		3		100.0
52		7		0		100.0

308		7		0		100.0
53		7		1		100.0

309		7		1		100.0
54		7		2		100.0

310		7		2		100.0
55		7		3		100.0

311		7		3		100.0
56		7		0		100.0

312		7		0		100.0
57		7		1		100.0

313		7		1		100.0
58		7		2		100.0

314		7		2		100.0
59		7		3		100.0

315		7		3		100.0
60		7		0		100.0

316		7		0		100.0
61		7		1		100.0

317		7		1		100.0
62		7		2		100.0

318		7		2		100.0
63		7		3		100.0

319		7		3		100.0
64		7		0		100.0

320		7		0		100.0
65		7		1		100.0

321		7		1		100.0
66		7		2		100.0

322		7		2		100.0
67		7		3		100.0

323		7		3		100.0
68		7		0		100.0

324		7		0		100.0
69		7		1		100.0

325		7		1		100.0
70		7		2		100.0

326		7		2		100.0
71		7		3		100.0

327		7		3		100.0
72		7		0		100.0

328		7		0		100.0
73		7		1		100.0

329		7		1		100.0
74		7		2		100.0

330		7		2		100.0
75		7		3		100.0

331		7		3		100.0
76		7		0		100.0

332		7		0		100.0
77		7		1		100.0

333		7		1		100.0
78		7		2		100.0

334		7		2		98.00436078500262
79		7		3		100.0

335		7		3		100.0
80		7		0		100.0

336		7		0		100.0
81		7		1		100.0

337		7		1		100.0
82		7		2		100.0

338		7		2		100.0
83		7		3		100.0

339		7		3		100.0
84		7		0		100.0

340		7		0		100.0
85		7		1		100.0

341		7		1		100.0
86		7		2		100.0

342		7		2		100.0
87		7		3		100.0

343		7		3		100.0
88		7		0		100.0

344		7		0		100.0
89		7		1		100.0

345		7		1		100.0
90		7		2		100.0

346		7		2		100.0
91		7		3		100.0

347		7		3		100.0
92		7		0		100.0

348		7		0		100.0
93		7		1		100.0

349		7		1		100.0
94		7		2		100.0

350		7		2		100.0
95		7		3		100.0

351		7		3		100.0
96		7		0		100.0

352		7		0		98.00436078500262
97		7		1		100.0

353		7		1		100.0
98		7		2		100.0

354		7		2		100.0
99		7		3		100.0

355		7		3		100.0
100		7		0		100.0

356		7		0		100.0
101		7		1		100.0

357		7		1		98.00436078500262
102		7		2		100.0

358		7		2		100.0
103		7		3		100.0

359		7		3		100.0
104		7		0		100.0

360		7		0		100.0
105		7		1		100.0

361		7		1		100.0
106		7		2		100.0

362		7		2		100.0
107		7		3		100.0

363		7		3		100.0
108		7		0		100.0

364		7		0		100.0
109		7		1		100.0

365		7		1		100.0
110		7		2		100.0

366		7		2		100.0
111		7		3		100.0

367		7		3		100.0
112		7		0		100.0

368		7		0		100.0
113		7		1		100.0

369		7		1		100.0
114		7		2		100.0

370		7		2		98.00436078500262
115		7		3		100.0

371		7		3		100.0
116		7		0		100.0

372		7		0		100.0
117		7		1		100.0

373		7		1		100.0
118		7		2		100.0

374		7		2		100.0
119		7		3		100.0

375		7		3		100.0
120		7		0		100.0

376		7		0		100.0
121		7		1		100.0

377		7		1		100.0
122		7		2		100.0

378		7		2		100.0
123		7		3		100.0

379		7		3		100.0
124		7		0		100.0

380		7		0		100.0
125		7		1		100.0

381		7		1		100.0
126		7		2		100.0

382		7		2		100.0
127		7		3		100.0

383		7		3		100.0
128		7		0		100.0

384		7		0		100.0
129		7		1		100.0

385		7		1		100.0
130		7		2		100.0

386		7		2		100.0
131		7		3		100.0

387		7		3		100.0
132		7		0		100.0

388		7		0		100.0
133		7		1		100.0

389		7		1		100.0
134		7		2		100.0

390		7		2		100.0
135		7		3		100.0

391		7		3		100.0
136		7		0		100.0

392		7		0		100.0
137		7		1		100.0

393		7		1		100.0
138		7		2		100.0

394		7		2		100.0
139		7		3		100.0

395		7		3		100.0
140		7		0		98.00436078500262

396		7		0		100.0
141		7		1		100.0

397		7		1		100.0
142		7		2		100.0

398		7		2		100.0
143		7		3		100.0

399		7		3		100.0
144		7		0		100.0

400		7		0		100.0
145		7		1		100.0

401		7		1		100.0
146		7		2		100.0

402		7		2		100.0
147		7		3		100.0

403		7		3		100.0
148		7		0		100.0

404		7		0		100.0
149		7		1		100.0

405		7		1		100.0
150		7		2		100.0

406		7		2		100.0
151		7		3		100.0

407		7		3		100.0
152		7		0		100.0

408		7		0		100.0
153		7		1		100.0

409		7		1		100.0
154		7		2		100.0

410		7		2		100.0
155		7		3		100.0

411		7		3		100.0
156		7		0		100.0

412		7		0		100.0
157		7		1		100.0

413		7		1		100.0
158		7		2		100.0

414		7		2		100.0
159		7		3		100.0

415		7		3		100.0
160		7		0		100.0

416		7		0		98.00436078500262
161		7		1		100.0

417		7		1		100.0
162		7		2		100.0

418		7		2		100.0
163		7		3		100.0

419		7		3		100.0
164		7		0		100.0

420		7		0		100.0
165		7		1		100.0

421		7		1		100.0
166		7		2		100.0

422		7		2		100.0
167		7		3		100.0

423		7		3		100.0
168		7		0		100.0

424		7		0		100.0
169		7		1		100.0

425		7		1		100.0
170		7		2		100.0

426		7		2		100.0
171		7		3		100.0

427		7		3		100.0
172		7		0		100.0

428		7		0		100.0
173		7		1		100.0

429		7		1		100.0
174		7		2		100.0

430		7		2		100.0
175		7		3		100.0

431		7		3		100.0
176		7		0		100.0

432		7		0		100.0
177		7		1		100.0

433		7		1		100.0
178		7		2		100.0

434		7		2		100.0
179		7		3		100.0

435		7		3		100.0
180		7		0		100.0

436		7		0		100.0
181		7		1		100.0

437		7		1		100.0
182		7		2		100.0

438		7		2		100.0
183		7		3		100.0

439		7		3		100.0
184		7		0		100.0

440		7		0		100.0
185		7		1		100.0

441		7		1		100.0
186		7		2		100.0

442		7		2		100.0
187		7		3		100.0

443		7		3		100.0
188		7		0		100.0

444		7		0		100.0
189		7		1		100.0

445		7		1		100.0
190		7		2		100.0

446		7		2		100.0
191		7		3		100.0

447		7		3		100.0
192		7		0		100.0

448		7		0		100.0
193		7		1		100.0

449		7		1		100.0
194		7		2		100.0

450		7		2		100.0
195		7		3		100.0

451		7		3		100.0
196		7		0		100.0

452		7		0		100.0
197		7		1		100.0

453		7		1		100.0
198		7		2		100.0

454		7		2		100.0
199		7		3		100.0

455		7		3		100.0
200		7		0		100.0

456		7		0		100.0
201		7		1		100.0

457		7		1		100.0
202		7		2		100.0

458		7		2		100.0
203		7		3		100.0

459		7		3		100.0
204		7		0		100.0

460		7		0		100.0
205		7		1		100.0

461		7		1		100.0
206		7		2		100.0

462		7		2		100.0
207		7		3		100.0

463		7		3		100.0
208		7		0		100.0

464		7		0		100.0
209		7		1		100.0

465		7		1		100.0
210		7		2		100.0

466		7		2		98.00436078500262
211		7		3		100.0

467		7		3		100.0
212		7		0		100.0

468		7		0		100.0
213		7		1		100.0

469		7		1		100.0
214		7		2		100.0

470		7		2		100.0
215		7		3		100.0

471		7		3		100.0
216		7		0		100.0

472		7		0		100.0
217		7		1		100.0

473		7		1		100.0
218		7		2		100.0

474		7		2		100.0
219		7		3		100.0

475		7		3		100.0
220		7		0		100.0

476		7		0		100.0
221		7		1		100.0

477		7		1		100.0
222		7		2		100.0

478		7		2		100.0
223		7		3		100.0

479		7		3		100.0
224		7		0		100.0

480		7		0		100.0
225		7		1		100.0

481		7		1		100.0
226		7		2		100.0

482		7		2		100.0
227		7		3		100.0

483		7		3		100.0
228		7		0		98.00436078500262

484		7		0		100.0
229		7		1		100.0

485		7		1		100.0
230		7		2		100.0

486		7		2		100.0
231		7		3		100.0

487		7		3		100.0
232		7		0		100.0

488		7		0		100.0
233		7		1		100.0

489		7		1		100.0
234		7		2		100.0

490		7		2		100.0
235		7		3		98.00436078500262

491		7		3		100.0
236		7		0		100.0

492		7		0		100.0
237		7		1		100.0

493		7		1		100.0
238		7		2		100.0

494		7		2		100.0
239		7		3		100.0

495		7		3		100.0
240		7		0		100.0

496		7		0		100.0
241		7		1		98.00436078500262

497		7		1		100.0
242		7		2		100.0

498		7		2		100.0
243		7		3		100.0

499		7		3		100.0
244		7		0		100.0

500		7		0		100.0
245		7		1		100.0

501		7		1		98.00436078500262
246		7		2		100.0

502		7		2		100.0
247		7		3		100.0

503		7		3		98.00436078500262
248		7		0		100.0

504		7		0		100.0
249		7		1		100.0

505		7		1		100.0
250		7		2		100.0

506		7		2		100.0
251		7		3		100.0

507		7		3		100.0
252		7		0		100.0

508		7		0		53.99127842999475
253		7		1		100.0

509		7		1		53.99127842999475
254		7		2		100.0

510		7		2		53.99127842999475
255		7		3		100.0

511		7		3		53.99127842999475
0		8		0		53.99127842999475

512		8		0		100.0
1		8		1		53.99127842999475

513		8		1		100.0
2		8		2		53.99127842999475

514		8		2		100.0
3		8		3		53.99127842999475

515		8		3		100.0
4		8		0		100.0

516		8		0		100.0
5		8		1		100.0

517		8		1		100.0
6		8		2		100.0

518		8		2		100.0
7		8		3		98.00436078500262

519		8		3		100.0
8		8		0		100.0

520		8		0		100.0
9		8		1		100.0

521		8		1		100.0
10		8		2		100.0

522		8		2		100.0
11		8		3		100.0

523		8		3		100.0
12		8		0		100.0

524		8		0		100.0
13		8		1		100.0

525		8		1		100.0
14		8		2		100.0

526		8		2		100.0
15		8		3		100.0

527		8		3		100.0
16		8		0		100.0

528		8		0		100.0
17		8		1		100.0

529		8		1		100.0
18		8		2		100.0

530		8		2		100.0
19		8		3		100.0

531		8		3		100.0
20		8		0		100.0

532		8		0		100.0
21		8		1		100.0

533		8		1		100.0
22		8		2		100.0

534		8		2		100.0
23		8		3		100.0

535		8		3		100.0
24		8		0		100.0

536		8		0		100.0
25		8		1		100.0

537		8		1		100.0
26		8		2		100.0

538		8		2		100.0
27		8		3		100.0

539		8		3		100.0
28		8		0		100.0

540		8		0		100.0
29		8		1		100.0

541		8		1		100.0
30		8		2		100.0

542		8		2		100.0
31		8		3		100.0

543		8		3		100.0
32		8		0		100.0

544		8		0		100.0
33		8		1		100.0

545		8		1		100.0
34		8		2		100.0

546		8		2		100.0
35		8		3		100.0

547		8		3		100.0
36		8		0		100.0

548		8		0		100.0
37		8		1		100.0

549		8		1		100.0
38		8		2		100.0

550		8		2		100.0
39		8		3		100.0

551		8		3		100.0
40		8		0		100.0

552		8		0		100.0
41		8		1		100.0

553		8		1		100.0
42		8		2		100.0

554		8		2		100.0
43		8		3		100.0

555		8		3		100.0
44		8		0		100.0

556		8		0		100.0
45		8		1		100.0

557		8		1		100.0
46		8		2		100.0

558		8		2		100.0
47		8		3		100.0

559		8		3		100.0
48		8		0		100.0

560		8		0		100.0
49		8		1		100.0

561		8		1		100.0
50		8		2		100.0

562		8		2		100.0
51		8		3		100.0

563		8		3		100.0
52		8		0		100.0

564		8		0		100.0
53		8		1		100.0

565		8		1		100.0
54		8		2		100.0

566		8		2		100.0
55		8		3		100.0

567		8		3		100.0
56		8		0		100.0

568		8		0		100.0
57		8		1		100.0

569		8		1		100.0
58		8		2		100.0

570		8		2		100.0
59		8		3		100.0

571		8		3		100.0
60		8		0		100.0

572		8		0		100.0
61		8		1		100.0

573		8		1		100.0
62		8		2		100.0

574		8		2		100.0
63		8		3		100.0

575		8		3		100.0
64		8		0		100.0

576		8		0		100.0
65		8		1		100.0

577		8		1		100.0
66		8		2		100.0

578		8		2		100.0
67		8		3		100.0

579		8		3		100.0
68		8		0		100.0

580		8		0		100.0
69		8		1		100.0

581		8		1		100.0
70		8		2		100.0

582		8		2		100.0
71		8		3		100.0

583		8		3		100.0
72		8		0		100.0

584		8		0		100.0
73		8		1		100.0

585		8		1		100.0
74		8		2		100.0

586		8		2		100.0
75		8		3		100.0

587		8		3		100.0
76		8		0		100.0

588		8		0		100.0
77		8		1		100.0

589		8		1		100.0
78		8		2		100.0

590		8		2		100.0
79		8		3		100.0

591		8		3		100.0
80		8		0		100.0

592		8		0		100.0
81		8		1		100.0

593		8		1		100.0
82		8		2		100.0

594		8		2		100.0
83		8		3		100.0

595		8		3		100.0
84		8		0		100.0

596		8		0		100.0
85		8		1		100.0

597		8		1		100.0
86		8		2		100.0

598		8		2		100.0
87		8		3		100.0

599		8		3		100.0
88		8		0		100.0

600		8		0		100.0
89		8		1		100.0

601		8		1		100.0
90		8		2		100.0

602		8		2		100.0
91		8		3		100.0

603		8		3		100.0
92		8		0		100.0

604		8		0		100.0
93		8		1		100.0

605		8		1		100.0
94		8		2		100.0

606		8		2		100.0
95		8		3		100.0

607		8		3		100.0
96		8		0		100.0

608		8		0		100.0
97		8		1		100.0

609		8		1		100.0
98		8		2		100.0

610		8		2		100.0
99		8		3		100.0

611		8		3		100.0
100		8		0		100.0

612		8		0		100.0
101		8		1		100.0

613		8		1		100.0
102		8		2		100.0

614		8		2		100.0
103		8		3		100.0

615		8		3		100.0
104		8		0		100.0

616		8		0		100.0
105		8		1		100.0

617		8		1		100.0
106		8		2		100.0

618		8		2		100.0
107		8		3		100.0

619		8		3		100.0
108		8		0		100.0

620		8		0		100.0
109		8		1		100.0

621		8		1		100.0
110		8		2		100.0

622		8		2		100.0
111		8		3		100.0

623		8		3		100.0
112		8		0		100.0

624		8		0		100.0
113		8		1		100.0

625		8		1		100.0
114		8		2		100.0

626		8		2		100.0
115		8		3		100.0

627		8		3		100.0
116		8		0		100.0

628		8		0		100.0
117		8		1		100.0

629		8		1		100.0
118		8		2		100.0

630		8		2		100.0
119		8		3		100.0

631		8		3		100.0
120		8		0		100.0

632		8		0		100.0
121		8		1		100.0

633		8		1		100.0
122		8		2		100.0

634		8		2		100.0
123		8		3		100.0

635		8		3		100.0
124		8		0		100.0

636		8		0		100.0
125		8		1		100.0

637		8		1		100.0
126		8		2		100.0

638		8		2		100.0
127		8		3		100.0

639		8		3		100.0
128		8		0		100.0

640		8		0		100.0
129		8		1		100.0

641		8		1		100.0
130		8		2		100.0

642		8		2		100.0
131		8		3		100.0

643		8		3		100.0
132		8		0		100.0

644		8		0		100.0
133		8		1		100.0

645		8		1		100.0
134		8		2		100.0

646		8		2		100.0
135		8		3		100.0

647		8		3		100.0
136		8		0		100.0

648		8		0		100.0
137		8		1		100.0

649		8		1		100.0
138		8		2		100.0

650		8		2		100.0
139		8		3		100.0

651		8		3		100.0
140		8		0		100.0

652		8		0		98.00436078500262
141		8		1		100.0

653		8		1		100.0
142		8		2		100.0

654		8		2		100.0
143		8		3		100.0

655		8		3		100.0
144		8		0		100.0

656		8		0		100.0
145		8		1		100.0

657		8		1		100.0
146		8		2		100.0

658		8		2		100.0
147		8		3		100.0

659		8		3		100.0
148		8		0		100.0

660		8		0		100.0
149		8		1		100.0

661		8		1		100.0
150		8		2		100.0

662		8		2		100.0
151		8		3		100.0

663		8		3		100.0
152		8		0		100.0

664		8		0		100.0
153		8		1		100.0

665		8		1		100.0
154		8		2		100.0

666		8		2		100.0
155		8		3		100.0

667		8		3		100.0
156		8		0		100.0

668		8		0		100.0
157		8		1		100.0

669		8		1		100.0
158		8		2		100.0

670		8		2		100.0
159		8		3		100.0

671		8		3		100.0
160		8		0		100.0

672		8		0		100.0
161		8		1		100.0

673		8		1		100.0
162		8		2		100.0

674		8		2		100.0
163		8		3		100.0

675		8		3		100.0
164		8		0		100.0

676		8		0		100.0
165		8		1		100.0

677		8		1		100.0
166		8		2		100.0

678		8		2		100.0
167		8		3		100.0

679		8		3		100.0
168		8		0		100.0

680		8		0		100.0
169		8		1		100.0

681		8		1		100.0
170		8		2		100.0

682		8		2		100.0
171		8		3		100.0

683		8		3		100.0
172		8		0		100.0

684		8		0		100.0
173		8		1		100.0

685		8		1		100.0
174		8		2		100.0

686		8		2		100.0
175		8		3		100.0

687		8		3		100.0
176		8		0		100.0

688		8		0		100.0
177		8		1		100.0

689		8		1		100.0
178		8		2		100.0

690		8		2		100.0
179		8		3		100.0

691		8		3		100.0
180		8		0		100.0

692		8		0		100.0
181		8		1		100.0

693		8		1		100.0
182		8		2		100.0

694		8		2		100.0
183		8		3		100.0

695		8		3		100.0
184		8		0		100.0

696		8		0		100.0
185		8		1		100.0

697		8		1		100.0
186		8		2		100.0

698		8		2		100.0
187		8		3		100.0

699		8		3		100.0
188		8		0		100.0

700		8		0		100.0
189		8		1		100.0

701		8		1		100.0
190		8		2		100.0

702		8		2		100.0
191		8		3		100.0

703		8		3		100.0
192		8		0		100.0

704		8		0		100.0
193		8		1		100.0

705		8		1		100.0
194		8		2		100.0

706		8		2		100.0
195		8		3		100.0

707		8		3		100.0
196		8		0		100.0

708		8		0		100.0
197		8		1		100.0

709		8		1		100.0
198		8		2		100.0

710		8		2		100.0
199		8		3		100.0

711		8		3		100.0
200		8		0		100.0

712		8		0		100.0
201		8		1		100.0

713		8		1		100.0
202		8		2		100.0

714		8		2		100.0
203		8		3		100.0

715		8		3		100.0
204		8		0		100.0

716		8		0		100.0
205		8		1		100.0

717		8		1		100.0
206		8		2		100.0

718		8		2		100.0
207		8		3		100.0

719		8		3		100.0
208		8		0		100.0

720		8		0		100.0
209		8		1		100.0

721		8		1		100.0
210		8		2		100.0

722		8		2		100.0
211		8		3		100.0

723		8		3		100.0
212		8		0		100.0

724		8		0		100.0
213		8		1		100.0

725		8		1		100.0
214		8		2		100.0

726		8		2		100.0
215		8		3		100.0

727		8		3		100.0
216		8		0		100.0

728		8		0		100.0
217		8		1		100.0

729		8		1		100.0
218		8		2		100.0

730		8		2		100.0
219		8		3		100.0

731		8		3		100.0
220		8		0		100.0

732		8		0		100.0
221		8		1		100.0

733		8		1		100.0
222		8		2		100.0

734		8		2		100.0
223		8		3		100.0

735		8		3		100.0
224		8		0		100.0

736		8		0		100.0
225		8		1		100.0

737		8		1		100.0
226		8		2		100.0

738		8		2		100.0
227		8		3		100.0

739		8		3		100.0
228		8		0		98.00436078500262

740		8		0		100.0
229		8		1		100.0

741		8		1		100.0
230		8		2		100.0

742		8		2		100.0
231		8		3		100.0

743		8		3		100.0
232		8		0		100.0

744		8		0		100.0
233		8		1		100.0

745		8		1		100.0
234		8		2		100.0

746		8		2		100.0
235		8		3		98.00436078500262

747		8		3		100.0
236		8		0		100.0

748		8		0		100.0
237		8		1		100.0

749		8		1		100.0
238		8		2		100.0

750		8		2		100.0
239		8		3		100.0

751		8		3		100.0
240		8		0		100.0

752		8		0		100.0
241		8		1		100.0

753		8		1		98.00436078500262
242		8		2		100.0

754		8		2		100.0
243		8		3		100.0

755		8		3		100.0
244		8		0		100.0

756		8		0		100.0
245		8		1		100.0

757		8		1		100.0
246		8		2		100.0

758		8		2		100.0
247		8		3		100.0

759		8		3		100.0
248		8		0		100.0

760		8		0		100.0
249		8		1		100.0

761		8		1		100.0
250		8		2		100.0

762		8		2		100.0
251		8		3		100.0

763		8		3		100.0
252		8		0		100.0

764		8		0		100.0
253		8		1		100.0

765		8		1		100.0
254		8		2		100.0

766		8		2		100.0
255		8		3		100.0

767		8		3		100.0
256		8		0		100.0

768		8		0		100.0
257		8		1		98.00436078500262

769		8		1		100.0
258		8		2		100.0

770		8		2		100.0
259		8		3		98.00436078500262

771		8		3		100.0
260		8		0		100.0

772		8		0		100.0
261		8		1		100.0

773		8		1		100.0
262		8		2		100.0

774		8		2		98.00436078500262
263		8		3		100.0

775		8		3		100.0
264		8		0		100.0

776		8		0		100.0
265		8		1		100.0

777		8		1		100.0
266		8		2		100.0

778		8		2		100.0
267		8		3		100.0

779		8		3		100.0
268		8		0		100.0

780		8		0		100.0
269		8		1		100.0

781		8		1		100.0
270		8		2		100.0

782		8		2		100.0
271		8		3		100.0

783		8		3		100.0
272		8		0		100.0

784		8		0		100.0
273		8		1		100.0

785		8		1		100.0
274		8		2		100.0

786		8		2		100.0
275		8		3		100.0

787		8		3		100.0
276		8		0		100.0

788		8		0		100.0
277		8		1		100.0

789		8		1		100.0
278		8		2		100.0

790		8		2		100.0
279		8		3		100.0

791		8		3		100.0
280		8		0		100.0

792		8		0		100.0
281		8		1		100.0

793		8		1		100.0
282		8		2		100.0

794		8		2		100.0
283		8		3		100.0

795		8		3		100.0
284		8		0		100.0

796		8		0		100.0
285		8		1		100.0

797		8		1		100.0
286		8		2		100.0

798		8		2		100.0
287		8		3		100.0

799		8		3		100.0
288		8		0		100.0

800		8		0		100.0
289		8		1		100.0

801		8		1		100.0
290		8		2		100.0

802		8		2		100.0
291		8		3		100.0

803		8		3		100.0
292		8		0		100.0

804		8		0		100.0
293		8		1		100.0

805		8		1		100.0
294		8		2		100.0

806		8		2		100.0
295		8		3		100.0

807		8		3		100.0
296		8		0		100.0

808		8		0		100.0
297		8		1		100.0

809		8		1		100.0
298		8		2		100.0

810		8		2		100.0
299		8		3		100.0

811		8		3		100.0
300		8		0		100.0

812		8		0		100.0
301		8		1		100.0

813		8		1		100.0
302		8		2		100.0

814		8		2		100.0
303		8		3		100.0

815		8		3		100.0
304		8		0		100.0

816		8		0		100.0
305		8		1		100.0

817		8		1		100.0
306		8		2		100.0

818		8		2		100.0
307		8		3		100.0

819		8		3		100.0
308		8		0		100.0

820		8		0		100.0
309		8		1		100.0

821		8		1		100.0
310		8		2		100.0

822		8		2		100.0
311		8		3		100.0

823		8		3		100.0
312		8		0		100.0

824		8		0		100.0
313		8		1		100.0

825		8		1		100.0
314		8		2		100.0

826		8		2		100.0
315		8		3		100.0

827		8		3		100.0
316		8		0		100.0

828		8		0		100.0
317		8		1		100.0

829		8		1		100.0
318		8		2		100.0

830		8		2		100.0
319		8		3		100.0

831		8		3		100.0
320		8		0		100.0

832		8		0		100.0
321		8		1		100.0

833		8		1		100.0
322		8		2		100.0

834		8		2		100.0
323		8		3		100.0

835		8		3		100.0
324		8		0		100.0

836		8		0		100.0
325		8		1		100.0

837		8		1		100.0
326		8		2		100.0

838		8		2		100.0
327		8		3		100.0

839		8		3		100.0
328		8		0		100.0

840		8		0		100.0
329		8		1		100.0

841		8		1		100.0
330		8		2		100.0

842		8		2		100.0
331		8		3		100.0

843		8		3		100.0
332		8		0		100.0

844		8		0		100.0
333		8		1		100.0

845		8		1		100.0
334		8		2		98.00436078500262

846		8		2		100.0
335		8		3		100.0

847		8		3		100.0
336		8		0		100.0

848		8		0		100.0
337		8		1		100.0

849		8		1		100.0
338		8		2		100.0

850		8		2		100.0
339		8		3		100.0

851		8		3		100.0
340		8		0		100.0

852		8		0		100.0
341		8		1		100.0

853		8		1		100.0
342		8		2		100.0

854		8		2		100.0
343		8		3		100.0

855		8		3		100.0
344		8		0		100.0

856		8		0		100.0
345		8		1		100.0

857		8		1		100.0
346		8		2		100.0

858		8		2		100.0
347		8		3		100.0

859		8		3		100.0
348		8		0		100.0

860		8		0		100.0
349		8		1		100.0

861		8		1		100.0
350		8		2		100.0

862		8		2		100.0
351		8		3		100.0

863		8		3		100.0
352		8		0		100.0

864		8		0		98.00436078500262
353		8		1		100.0

865		8		1		100.0
354		8		2		100.0

866		8		2		100.0
355		8		3		100.0

867		8		3		100.0
356		8		0		100.0

868		8		0		100.0
357		8		1		100.0

869		8		1		98.00436078500262
358		8		2		100.0

870		8		2		100.0
359		8		3		100.0

871		8		3		100.0
360		8		0		100.0

872		8		0		100.0
361		8		1		100.0

873		8		1		100.0
362		8		2		100.0

874		8		2		100.0
363		8		3		100.0

875		8		3		100.0
364		8		0		100.0

876		8		0		100.0
365		8		1		100.0

877		8		1		100.0
366		8		2		100.0

878		8		2		100.0
367		8		3		100.0

879		8		3		100.0
368		8		0		100.0

880		8		0		100.0
369		8		1		100.0

881		8		1		100.0
370		8		2		100.0

882		8		2		98.00436078500262
371		8		3		100.0

883		8		3		100.0
372		8		0		100.0

884		8		0		100.0
373		8		1		100.0

885		8		1		100.0
374		8		2		100.0

886		8		2		100.0
375		8		3		100.0

887		8		3		100.0
376		8		0		100.0

888		8		0		100.0
377		8		1		100.0

889		8		1		100.0
378		8		2		100.0

890		8		2		100.0
379		8		3		100.0

891		8		3		100.0
380		8		0		100.0

892		8		0		100.0
381		8		1		100.0

893		8		1		100.0
382		8		2		100.0

894		8		2		100.0
383		8		3		100.0

895		8		3		100.0
384		8		0		100.0

896		8		0		100.0
385		8		1		100.0

897		8		1		100.0
386		8		2		100.0

898		8		2		100.0
387		8		3		100.0

899		8		3		100.0
388		8		0		100.0

900		8		0		100.0
389		8		1		100.0

901		8		1		100.0
390		8		2		100.0

902		8		2		100.0
391		8		3		100.0

903		8		3		100.0
392		8		0		100.0

904		8		0		100.0
393		8		1		100.0

905		8		1		100.0
394		8		2		100.0

906		8		2		100.0
395		8		3		100.0

907		8		3		100.0
396		8		0		100.0

908		8		0		100.0
397		8		1		100.0

909		8		1		100.0
398		8		2		100.0

910		8		2		100.0
399		8		3		100.0

911		8		3		100.0
400		8		0		100.0

912		8		0		100.0
401		8		1		100.0

913		8		1		100.0
402		8		2		100.0

914		8		2		100.0
403		8		3		100.0

915		8		3		100.0
404		8		0		100.0

916		8		0		100.0
405		8		1		100.0

917		8		1		100.0
406		8		2		100.0

918		8		2		100.0
407		8		3		100.0

919		8		3		100.0
408		8		0		100.0

920		8		0		100.0
409		8		1		100.0

921		8		1		100.0
410		8		2		100.0

922		8		2		100.0
411		8		3		100.0

923		8		3		100.0
412		8		0		100.0

924		8		0		100.0
413		8		1		100.0

925		8		1		100.0
414		8		2		100.0

926		8		2		100.0
415		8		3		100.0

927		8		3		100.0
416		8		0		98.00436078500262

928		8		0		100.0
417		8		1		100.0

929		8		1		100.0
418		8		2		100.0

930		8		2		100.0
419		8		3		100.0

931		8		3		100.0
420		8		0		100.0

932		8		0		100.0
421		8		1		100.0

933		8		1		100.0
422		8		2		100.0

934		8		2		100.0
423		8		3		100.0

935		8		3		100.0
424		8		0		100.0

936		8		0		100.0
425		8		1		100.0

937		8		1		100.0
426		8		2		100.0

938		8		2		100.0
427		8		3		100.0

939		8		3		100.0
428		8		0		100.0

940		8		0		100.0
429		8		1		100.0

941		8		1		100.0
430		8		2		100.0

942		8		2		100.0
431		8		3		100.0

943		8		3		100.0
432		8		0		100.0

944		8		0		100.0
433		8		1		100.0

945		8		1		100.0
434		8		2		100.0

946		8		2		100.0
435		8		3		100.0

947		8		3		100.0
436		8		0		100.0

948		8		0		100.0
437		8		1		100.0

949		8		1		100.0
438		8		2		100.0

950		8		2		100.0
439		8		3		100.0

951		8		3		100.0
440		8		0		100.0

952		8		0		100.0
441		8		1		100.0

953		8		1		100.0
442		8		2		100.0

954		8		2		100.0
443		8		3		100.0

955		8		3		100.0
444		8		0		100.0

956		8		0		100.0
445		8		1		100.0

957		8		1		100.0
446		8		2		100.0

958		8		2		100.0
447		8		3		100.0

959		8		3		100.0
448		8		0		100.0

960		8		0		100.0
449		8		1		100.0

961		8		1		100.0
450		8		2		100.0

962		8		2		100.0
451		8		3		100.0

963		8		3		100.0
452		8		0		100.0

964		8		0		100.0
453		8		1		100.0

965		8		1		100.0
454		8		2		100.0

966		8		2		100.0
455		8		3		100.0

967		8		3		100.0
456		8		0		100.0

968		8		0		100.0
457		8		1		100.0

969		8		1		100.0
458		8		2		100.0

970		8		2		100.0
459		8		3		100.0

971		8		3		100.0
460		8		0		100.0

972		8		0		100.0
461		8		1		100.0

973		8		1		100.0
462		8		2		100.0

974		8		2		100.0
463		8		3		100.0

975		8		3		100.0
464		8		0		100.0

976		8		0		100.0
465		8		1		100.0

977		8		1		100.0
466		8		2		100.0

978		8		2		98.00436078500262
467		8		3		100.0

979		8		3		100.0
468		8		0		100.0

980		8		0		100.0
469		8		1		100.0

981		8		1		100.0
470		8		2		100.0

982		8		2		100.0
471		8		3		100.0

983		8		3		100.0
472		8		0		100.0

984		8		0		100.0
473		8		1		100.0

985		8		1		100.0
474		8		2		100.0

986		8		2		100.0
475		8		3		100.0

987		8		3		100.0
476		8		0		100.0

988		8		0		100.0
477		8		1		100.0

989		8		1		100.0
478		8		2		100.0

990		8		2		100.0
479		8		3		100.0

991		8		3		100.0
480		8		0		100.0

992		8		0		100.0
481		8		1		100.0

993		8		1		100.0
482		8		2		100.0

994		8		2		100.0
483		8		3		100.0

995		8		3		100.0
484		8		0		100.0

996		8		0		100.0
485		8		1		100.0

997		8		1		100.0
486		8		2		100.0

998		8		2		100.0
487		8		3		100.0

999		8		3		100.0
488		8		0		100.0

1000		8		0		100.0
489		8		1		100.0

1001		8		1		100.0
490		8		2		100.0

1002		8		2		100.0
491		8		3		100.0

1003		8		3		100.0
492		8		0		100.0

1004		8		0		100.0
493		8		1		100.0

1005		8		1		100.0
494		8		2		100.0

1006		8		2		100.0
495		8		3		100.0

1007		8		3		100.0
496		8		0		100.0

1008		8		0		100.0
497		8		1		100.0

1009		8		1		100.0
498		8		2		100.0

1010		8		2		100.0
499		8		3		100.0

1011		8		3		100.0
500		8		0		100.0

1012		8		0		100.0
501		8		1		100.0

1013		8		1		98.00436078500262
502		8		2		100.0

1014		8		2		100.0
503		8		3		100.0

1015		8		3		98.00436078500262
504		8		0		100.0

1016		8		0		100.0
505		8		1		100.0

1017		8		1		100.0
506		8		2		100.0

1018		8		2		100.0
507		8		3		100.0

1019		8		3		100.0
508		8		0		100.0

1020		8		0		53.99127842999475
509		8		1		100.0

1021		8		1		53.99127842999475
510		8		2		100.0

1022		8		2		53.99127842999475
511		8		3		100.0

1023		8		3		53.99127842999475
0		9		0		53.99127842999475

1024		9		0		100.0
1		9		1		53.99127842999475

1025		9		1		100.0
2		9		2		53.99127842999475

1026		9		2		100.0
3		9		3		53.99127842999475

1027		9		3		100.0
4		9		0		100.0

1028		9		0		100.0
5		9		1		100.0

1029		9		1		100.0
6		9		2		100.0

1030		9		2		100.0
7		9		3		98.00436078500262

1031		9		3		100.0
8		9		0		100.0

1032		9		0		100.0
9		9		1		100.0

1033		9		1		100.0
10		9		2		100.0

1034		9		2		100.0
11		9		3		100.0

1035		9		3		100.0
12		9		0		100.0

1036		9		0		100.0
13		9		1		100.0

1037		9		1		100.0
14		9		2		100.0

1038		9		2		100.0
15		9		3		100.0

1039		9		3		100.0
16		9		0		100.0

1040		9		0		100.0
17		9		1		100.0

1041		9		1		100.0
18		9		2		100.0

1042		9		2		100.0
19		9		3		100.0

1043		9		3		100.0
20		9		0		100.0

1044		9		0		100.0
21		9		1		100.0

1045		9		1		100.0
22		9		2		100.0

1046		9		2		100.0
23		9		3		100.0

1047		9		3		100.0
24		9		0		100.0

1048		9		0		100.0
25		9		1		100.0

1049		9		1		100.0
26		9		2		100.0

1050		9		2		100.0
27		9		3		100.0

1051		9		3		100.0
28		9		0		100.0

1052		9		0		100.0
29		9		1		100.0

1053		9		1		100.0
30		9		2		100.0

1054		9		2		100.0
31		9		3		100.0

1055		9		3		100.0
32		9		0		100.0

1056		9		0		100.0
33		9		1		100.0

1057		9		1		100.0
34		9		2		100.0

1058		9		2		100.0
35		9		3		100.0

1059		9		3		100.0
36		9		0		100.0

1060		9		0		100.0
37		9		1		100.0

1061		9		1		100.0
38		9		2		100.0

1062		9		2		100.0
39		9		3		100.0

1063		9		3		100.0
40		9		0		100.0

1064		9		0		100.0
41		9		1		100.0

1065		9		1		100.0
42		9		2		100.0

1066		9		2		100.0
43		9		3		100.0

1067		9		3		100.0
44		9		0		100.0

1068		9		0		100.0
45		9		1		100.0

1069		9		1		100.0
46		9		2		100.0

1070		9		2		100.0
47		9		3		100.0

1071		9		3		100.0
48		9		0		100.0

1072		9		0		100.0
49		9		1		100.0

1073		9		1		100.0
50		9		2		100.0

1074		9		2		100.0
51		9		3		100.0

1075		9		3		100.0
52		9		0		100.0

1076		9		0		100.0
53		9		1		100.0

1077		9		1		100.0
54		9		2		100.0

1078		9		2		100.0
55		9		3		100.0

1079		9		3		100.0
56		9		0		100.0

1080		9		0		100.0
57		9		1		100.0

1081		9		1		100.0
58		9		2		100.0

1082		9		2		100.0
59		9		3		100.0

1083		9		3		100.0
60		9		0		100.0

1084		9		0		100.0
61		9		1		100.0

1085		9		1		100.0
62		9		2		100.0

1086		9		2		100.0
63		9		3		100.0

1087		9		3		100.0
64		9		0		100.0

1088		9		0		100.0
65		9		1		100.0

1089		9		1		100.0
66		9		2		100.0

1090		9		2		100.0
67		9		3		100.0

1091		9		3		100.0
68		9		0		100.0

1092		9		0		100.0
69		9		1		100.0

1093		9		1		100.0
70		9		2		100.0

1094		9		2		100.0
71		9		3		100.0

1095		9		3		100.0
72		9		0		100.0

1096		9		0		100.0
73		9		1		100.0

1097		9		1		100.0
74		9		2		100.0

1098		9		2		100.0
75		9		3		100.0

1099		9		3		100.0
76		9		0		100.0

1100		9		0		100.0
77		9		1		100.0

1101		9		1		100.0
78		9		2		100.0

1102		9		2		100.0
79		9		3		100.0

1103		9		3		100.0
80		9		0		100.0

1104		9		0		100.0
81		9		1		100.0

1105		9		1		100.0
82		9		2		100.0

1106		9		2		100.0
83		9		3		100.0

1107		9		3		100.0
84		9		0		100.0

1108		9		0		100.0
85		9		1		100.0

1109		9		1		100.0
86		9		2		100.0

1110		9		2		100.0
87		9		3		100.0

1111		9		3		100.0
88		9		0		100.0

1112		9		0		100.0
89		9		1		100.0

1113		9		1		100.0
90		9		2		100.0

1114		9		2		100.0
91		9		3		100.0

1115		9		3		100.0
92		9		0		100.0

1116		9		0		100.0
93		9		1		100.0

1117		9		1		100.0
94		9		2		100.0

1118		9		2		100.0
95		9		3		100.0

1119		9		3		100.0
96		9		0		100.0

1120		9		0		100.0
97		9		1		100.0

1121		9		1		100.0
98		9		2		100.0

1122		9		2		100.0
99		9		3		100.0

1123		9		3		100.0
100		9		0		100.0

1124		9		0		100.0
101		9		1		100.0

1125		9		1		100.0
102		9		2		100.0

1126		9		2		100.0
103		9		3		100.0

1127		9		3		100.0
104		9		0		100.0

1128		9		0		100.0
105		9		1		100.0

1129		9		1		100.0
106		9		2		100.0

1130		9		2		100.0
107		9		3		100.0

1131		9		3		100.0
108		9		0		100.0

1132		9		0		100.0
109		9		1		100.0

1133		9		1		100.0
110		9		2		100.0

1134		9		2		100.0
111		9		3		100.0

1135		9		3		100.0
112		9		0		100.0

1136		9		0		100.0
113		9		1		100.0

1137		9		1		100.0
114		9		2		100.0

1138		9		2		100.0
115		9		3		100.0

1139		9		3		100.0
116		9		0		100.0

1140		9		0		100.0
117		9		1		100.0

1141		9		1		100.0
118		9		2		100.0

1142		9		2		100.0
119		9		3		100.0

1143		9		3		100.0
120		9		0		100.0

1144		9		0		100.0
121		9		1		100.0

1145		9		1		100.0
122		9		2		100.0

1146		9		2		100.0
123		9		3		100.0

1147		9		3		100.0
124		9		0		100.0

1148		9		0		100.0
125		9		1		100.0

1149		9		1		100.0
126		9		2		100.0

1150		9		2		100.0
127		9		3		100.0

1151		9		3		100.0
128		9		0		100.0

1152		9		0		100.0
129		9		1		100.0

1153		9		1		100.0
130		9		2		100.0

1154		9		2		100.0
131		9		3		100.0

1155		9		3		100.0
132		9		0		100.0

1156		9		0		100.0
133		9		1		100.0

1157		9		1		100.0
134		9		2		100.0

1158		9		2		100.0
135		9		3		100.0

1159		9		3		100.0
136		9		0		100.0

1160		9		0		100.0
137		9		1		100.0

1161		9		1		100.0
138		9		2		100.0

1162		9		2		100.0
139		9		3		100.0

1163		9		3		100.0
140		9		0		100.0

1164		9		0		100.0
141		9		1		100.0

1165		9		1		100.0
142		9		2		100.0

1166		9		2		100.0
143		9		3		100.0

1167		9		3		100.0
144		9		0		100.0

1168		9		0		100.0
145		9		1		100.0

1169		9		1		100.0
146		9		2		100.0

1170		9		2		100.0
147		9		3		100.0

1171		9		3		100.0
148		9		0		100.0

1172		9		0		100.0
149		9		1		100.0

1173		9		1		100.0
150		9		2		100.0

1174		9		2		100.0
151		9		3		100.0

1175		9		3		100.0
152		9		0		100.0

1176		9		0		100.0
153		9		1		100.0

1177		9		1		100.0
154		9		2		100.0

1178		9		2		100.0
155		9		3		100.0

1179		9		3		100.0
156		9		0		100.0

1180		9		0		100.0
157		9		1		100.0

1181		9		1		100.0
158		9		2		100.0

1182		9		2		100.0
159		9		3		100.0

1183		9		3		100.0
160		9		0		100.0

1184		9		0		100.0
161		9		1		100.0

1185		9		1		100.0
162		9		2		100.0

1186		9		2		100.0
163		9		3		100.0

1187		9		3		100.0
164		9		0		100.0

1188		9		0		100.0
165		9		1		100.0

1189		9		1		100.0
166		9		2		100.0

1190		9		2		100.0
167		9		3		100.0

1191		9		3		100.0
168		9		0		100.0

1192		9		0		100.0
169		9		1		100.0

1193		9		1		100.0
170		9		2		100.0

1194		9		2		100.0
171		9		3		100.0

1195		9		3		100.0
172		9		0		100.0

1196		9		0		100.0
173		9		1		100.0

1197		9		1		100.0
174		9		2		100.0

1198		9		2		100.0
175		9		3		100.0

1199		9		3		100.0
176		9		0		100.0

1200		9		0		100.0
177		9		1		100.0

1201		9		1		100.0
178		9		2		100.0

1202		9		2		100.0
179		9		3		100.0

1203		9		3		100.0
180		9		0		100.0

1204		9		0		100.0
181		9		1		100.0

1205		9		1		100.0
182		9		2		100.0

1206		9		2		100.0
183		9		3		100.0

1207		9		3		100.0
184		9		0		100.0

1208		9		0		100.0
185		9		1		100.0

1209		9		1		100.0
186		9		2		100.0

1210		9		2		100.0
187		9		3		100.0

1211		9		3		100.0
188		9		0		100.0

1212		9		0		100.0
189		9		1		100.0

1213		9		1		100.0
190		9		2		100.0

1214		9		2		100.0
191		9		3		100.0

1215		9		3		100.0
192		9		0		100.0

1216		9		0		100.0
193		9		1		100.0

1217		9		1		100.0
194		9		2		100.0

1218		9		2		100.0
195		9		3		100.0

1219		9		3		100.0
196		9		0		100.0

1220		9		0		100.0
197		9		1		100.0

1221		9		1		100.0
198		9		2		100.0

1222		9		2		100.0
199		9		3		100.0

1223		9		3		100.0
200		9		0		100.0

1224		9		0		100.0
201		9		1		100.0

1225		9		1		100.0
202		9		2		100.0

1226		9		2		100.0
203		9		3		100.0

1227		9		3		100.0
204		9		0		100.0

1228		9		0		100.0
205		9		1		100.0

1229		9		1		100.0
206		9		2		100.0

1230		9		2		100.0
207		9		3		100.0

1231		9		3		100.0
208		9		0		100.0

1232		9		0		100.0
209		9		1		100.0

1233		9		1		100.0
210		9		2		100.0

1234		9		2		100.0
211		9		3		100.0

1235		9		3		100.0
212		9		0		100.0

1236		9		0		100.0
213		9		1		100.0

1237		9		1		100.0
214		9		2		100.0

1238		9		2		100.0
215		9		3		100.0

1239		9		3		100.0
216		9		0		100.0

1240		9		0		100.0
217		9		1		100.0

1241		9		1		100.0
218		9		2		100.0

1242		9		2		100.0
219		9		3		100.0

1243		9		3		100.0
220		9		0		100.0

1244		9		0		100.0
221		9		1		100.0

1245		9		1		100.0
222		9		2		100.0

1246		9		2		100.0
223		9		3		100.0

1247		9		3		100.0
224		9		0		100.0

1248		9		0		100.0
225		9		1		100.0

1249		9		1		100.0
226		9		2		100.0

1250		9		2		100.0
227		9		3		100.0

1251		9		3		100.0
228		9		0		100.0

1252		9		0		98.00436078500262
229		9		1		100.0

1253		9		1		100.0
230		9		2		100.0

1254		9		2		100.0
231		9		3		100.0

1255		9		3		100.0
232		9		0		100.0

1256		9		0		100.0
233		9		1		100.0

1257		9		1		100.0
234		9		2		100.0

1258		9		2		100.0
235		9		3		100.0

1259		9		3		98.00436078500262
236		9		0		100.0

1260		9		0		100.0
237		9		1		100.0

1261		9		1		100.0
238		9		2		100.0

1262		9		2		100.0
239		9		3		100.0

1263		9		3		100.0
240		9		0		100.0

1264		9		0		100.0
241		9		1		100.0

1265		9		1		100.0
242		9		2		100.0

1266		9		2		100.0
243		9		3		100.0

1267		9		3		100.0
244		9		0		100.0

1268		9		0		100.0
245		9		1		100.0

1269		9		1		100.0
246		9		2		100.0

1270		9		2		100.0
247		9		3		100.0

1271		9		3		100.0
248		9		0		100.0

1272		9		0		100.0
249		9		1		100.0

1273		9		1		100.0
250		9		2		100.0

1274		9		2		100.0
251		9		3		100.0

1275		9		3		100.0
252		9		0		100.0

1276		9		0		100.0
253		9		1		100.0

1277		9		1		100.0
254		9		2		100.0

1278		9		2		100.0
255		9		3		100.0

1279		9		3		100.0
256		9		0		100.0

1280		9		0		100.0
257		9		1		98.00436078500262

1281		9		1		100.0
258		9		2		100.0

1282		9		2		100.0
259		9		3		98.00436078500262

1283		9		3		100.0
260		9		0		100.0

1284		9		0		100.0
261		9		1		100.0

1285		9		1		100.0
262		9		2		100.0

1286		9		2		100.0
263		9		3		100.0

1287		9		3		100.0
264		9		0		100.0

1288		9		0		100.0
265		9		1		100.0

1289		9		1		100.0
266		9		2		100.0

1290		9		2		100.0
267		9		3		100.0

1291		9		3		100.0
268		9		0		100.0

1292		9		0		100.0
269		9		1		100.0

1293		9		1		100.0
270		9		2		100.0

1294		9		2		100.0
271		9		3		100.0

1295		9		3		100.0
272		9		0		100.0

1296		9		0		100.0
273		9		1		100.0

1297		9		1		100.0
274		9		2		100.0

1298		9		2		100.0
275		9		3		100.0

1299		9		3		100.0
276		9		0		100.0

1300		9		0		100.0
277		9		1		100.0

1301		9		1		100.0
278		9		2		100.0

1302		9		2		100.0
279		9		3		100.0

1303		9		3		100.0
280		9		0		100.0

1304		9		0		100.0
281		9		1		100.0

1305		9		1		100.0
282		9		2		100.0

1306		9		2		100.0
283		9		3		100.0

1307		9		3		100.0
284		9		0		100.0

1308		9		0		100.0
285		9		1		100.0

1309		9		1		100.0
286		9		2		100.0

1310		9		2		100.0
287		9		3		100.0

1311		9		3		100.0
288		9		0		100.0

1312		9		0		100.0
289		9		1		100.0

1313		9		1		100.0
290		9		2		100.0

1314		9		2		100.0
291		9		3		100.0

1315		9		3		100.0
292		9		0		100.0

1316		9		0		100.0
293		9		1		100.0

1317		9		1		100.0
294		9		2		100.0

1318		9		2		100.0
295		9		3		100.0

1319		9		3		100.0
296		9		0		100.0

1320		9		0		100.0
297		9		1		100.0

1321		9		1		100.0
298		9		2		100.0

1322		9		2		100.0
299		9		3		100.0

1323		9		3		100.0
300		9		0		100.0

1324		9		0		100.0
301		9		1		100.0

1325		9		1		100.0
302		9		2		100.0

1326		9		2		100.0
303		9		3		100.0

1327		9		3		100.0
304		9		0		100.0

1328		9		0		100.0
305		9		1		100.0

1329		9		1		100.0
306		9		2		100.0

1330		9		2		100.0
307		9		3		100.0

1331		9		3		100.0
308		9		0		100.0

1332		9		0		100.0
309		9		1		100.0

1333		9		1		100.0
310		9		2		100.0

1334		9		2		100.0
311		9		3		100.0

1335		9		3		100.0
312		9		0		100.0

1336		9		0		100.0
313		9		1		100.0

1337		9		1		100.0
314		9		2		100.0

1338		9		2		100.0
315		9		3		100.0

1339		9		3		100.0
316		9		0		100.0

1340		9		0		100.0
317		9		1		100.0

1341		9		1		100.0
318		9		2		100.0

1342		9		2		100.0
319		9		3		100.0

1343		9		3		100.0
320		9		0		100.0

1344		9		0		100.0
321		9		1		100.0

1345		9		1		100.0
322		9		2		100.0

1346		9		2		100.0
323		9		3		100.0

1347		9		3		100.0
324		9		0		100.0

1348		9		0		100.0
325		9		1		100.0

1349		9		1		100.0
326		9		2		100.0

1350		9		2		100.0
327		9		3		100.0

1351		9		3		100.0
328		9		0		100.0

1352		9		0		100.0
329		9		1		100.0

1353		9		1		100.0
330		9		2		100.0

1354		9		2		100.0
331		9		3		100.0

1355		9		3		100.0
332		9		0		100.0

1356		9		0		100.0
333		9		1		100.0

1357		9		1		100.0
334		9		2		98.00436078500262

1358		9		2		100.0
335		9		3		100.0

1359		9		3		100.0
336		9		0		100.0

1360		9		0		100.0
337		9		1		100.0

1361		9		1		100.0
338		9		2		100.0

1362		9		2		100.0
339		9		3		100.0

1363		9		3		100.0
340		9		0		100.0

1364		9		0		100.0
341		9		1		100.0

1365		9		1		100.0
342		9		2		100.0

1366		9		2		100.0
343		9		3		100.0

1367		9		3		100.0
344		9		0		100.0

1368		9		0		100.0
345		9		1		100.0

1369		9		1		100.0
346		9		2		100.0

1370		9		2		100.0
347		9		3		100.0

1371		9		3		100.0
348		9		0		100.0

1372		9		0		100.0
349		9		1		100.0

1373		9		1		100.0
350		9		2		100.0

1374		9		2		100.0
351		9		3		100.0

1375		9		3		100.0
352		9		0		100.0

1376		9		0		100.0
353		9		1		100.0

1377		9		1		100.0
354		9		2		100.0

1378		9		2		100.0
355		9		3		100.0

1379		9		3		100.0
356		9		0		100.0

1380		9		0		100.0
357		9		1		100.0

1381		9		1		100.0
358		9		2		100.0

1382		9		2		100.0
359		9		3		100.0

1383		9		3		100.0
360		9		0		100.0

1384		9		0		100.0
361		9		1		100.0

1385		9		1		100.0
362		9		2		100.0

1386		9		2		100.0
363		9		3		100.0

1387		9		3		100.0
364		9		0		100.0

1388		9		0		100.0
365		9		1		100.0

1389		9		1		100.0
366		9		2		100.0

1390		9		2		100.0
367		9		3		100.0

1391		9		3		100.0
368		9		0		100.0

1392		9		0		100.0
369		9		1		100.0

1393		9		1		100.0
370		9		2		100.0

1394		9		2		100.0
371		9		3		100.0

1395		9		3		100.0
372		9		0		100.0

1396		9		0		100.0
373		9		1		100.0

1397		9		1		100.0
374		9		2		100.0

1398		9		2		100.0
375		9		3		100.0

1399		9		3		100.0
376		9		0		100.0

1400		9		0		100.0
377		9		1		100.0

1401		9		1		100.0
378		9		2		100.0

1402		9		2		100.0
379		9		3		100.0

1403		9		3		100.0
380		9		0		100.0

1404		9		0		100.0
381		9		1		100.0

1405		9		1		100.0
382		9		2		100.0

1406		9		2		100.0
383		9		3		100.0

1407		9		3		100.0
384		9		0		100.0

1408		9		0		100.0
385		9		1		100.0

1409		9		1		100.0
386		9		2		100.0

1410		9		2		100.0
387		9		3		100.0

1411		9		3		100.0
388		9		0		100.0

1412		9		0		100.0
389		9		1		100.0

1413		9		1		100.0
390		9		2		100.0

1414		9		2		100.0
391		9		3		100.0

1415		9		3		100.0
392		9		0		100.0

1416		9		0		100.0
393		9		1		100.0

1417		9		1		100.0
394		9		2		100.0

1418		9		2		100.0
395		9		3		100.0

1419		9		3		100.0
396		9		0		100.0

1420		9		0		100.0
397		9		1		100.0

1421		9		1		100.0
398		9		2		100.0

1422		9		2		100.0
399		9		3		100.0

1423		9		3		100.0
400		9		0		100.0

1424		9		0		100.0
401		9		1		100.0

1425		9		1		100.0
402		9		2		100.0

1426		9		2		100.0
403		9		3		100.0

1427		9		3		100.0
404		9		0		100.0

1428		9		0		100.0
405		9		1		100.0

1429		9		1		100.0
406		9		2		100.0

1430		9		2		100.0
407		9		3		100.0

1431		9		3		100.0
408		9		0		100.0

1432		9		0		100.0
409		9		1		100.0

1433		9		1		100.0
410		9		2		100.0

1434		9		2		100.0
411		9		3		100.0

1435		9		3		100.0
412		9		0		100.0

1436		9		0		100.0
413		9		1		100.0

1437		9		1		100.0
414		9		2		100.0

1438		9		2		100.0
415		9		3		100.0

1439		9		3		100.0
416		9		0		100.0

1440		9		0		98.00436078500262
417		9		1		100.0

1441		9		1		100.0
418		9		2		100.0

1442		9		2		100.0
419		9		3		100.0

1443		9		3		100.0
420		9		0		100.0

1444		9		0		100.0
421		9		1		100.0

1445		9		1		100.0
422		9		2		100.0

1446		9		2		100.0
423		9		3		100.0

1447		9		3		100.0
424		9		0		100.0

1448		9		0		100.0
425		9		1		100.0

1449		9		1		100.0
426		9		2		100.0

1450		9		2		100.0
427		9		3		100.0

1451		9		3		100.0
428		9		0		100.0

1452		9		0		100.0
429		9		1		100.0

1453		9		1		100.0
430		9		2		100.0

1454		9		2		100.0
431		9		3		100.0

1455		9		3		100.0
432		9		0		100.0

1456		9		0		100.0
433		9		1		100.0

1457		9		1		100.0
434		9		2		100.0

1458		9		2		100.0
435		9		3		100.0

1459		9		3		100.0
436		9		0		100.0

1460		9		0		100.0
437		9		1		100.0

1461		9		1		100.0
438		9		2		100.0

1462		9		2		100.0
439		9		3		100.0

1463		9		3		100.0
440		9		0		100.0

1464		9		0		100.0
441		9		1		100.0

1465		9		1		100.0
442		9		2		100.0

1466		9		2		100.0
443		9		3		100.0

1467		9		3		100.0
444		9		0		100.0

1468		9		0		100.0
445		9		1		100.0

1469		9		1		100.0
446		9		2		100.0

1470		9		2		100.0
447		9		3		100.0

1471		9		3		100.0
448		9		0		100.0

1472		9		0		100.0
449		9		1		100.0

1473		9		1		100.0
450		9		2		100.0

1474		9		2		100.0
451		9		3		100.0

1475		9		3		100.0
452		9		0		100.0

1476		9		0		100.0
453		9		1		100.0

1477		9		1		100.0
454		9		2		100.0

1478		9		2		100.0
455		9		3		100.0

1479		9		3		100.0
456		9		0		100.0

1480		9		0		100.0
457		9		1		100.0

1481		9		1		100.0
458		9		2		100.0

1482		9		2		100.0
459		9		3		100.0

1483		9		3		100.0
460		9		0		100.0

1484		9		0		100.0
461		9		1		100.0

1485		9		1		100.0
462		9		2		100.0

1486		9		2		100.0
463		9		3		100.0

1487		9		3		100.0
464		9		0		100.0

1488		9		0		100.0
465		9		1		100.0

1489		9		1		100.0
466		9		2		100.0

1490		9		2		100.0
467		9		3		100.0

1491		9		3		100.0
468		9		0		100.0

1492		9		0		100.0
469		9		1		100.0

1493		9		1		100.0
470		9		2		100.0

1494		9		2		100.0
471		9		3		100.0

1495		9		3		100.0
472		9		0		100.0

1496		9		0		100.0
473		9		1		100.0

1497		9		1		100.0
474		9		2		100.0

1498		9		2		100.0
475		9		3		100.0

1499		9		3		100.0
476		9		0		100.0

1500		9		0		100.0
477		9		1		100.0

1501		9		1		100.0
478		9		2		100.0

1502		9		2		100.0
479		9		3		100.0

1503		9		3		100.0
480		9		0		100.0

1504		9		0		100.0
481		9		1		100.0

1505		9		1		100.0
482		9		2		100.0

1506		9		2		100.0
483		9		3		100.0

1507		9		3		100.0
484		9		0		100.0

1508		9		0		100.0
485		9		1		100.0

1509		9		1		100.0
486		9		2		100.0

1510		9		2		100.0
487		9		3		100.0

1511		9		3		100.0
488		9		0		100.0

1512		9		0		100.0
489		9		1		100.0

1513		9		1		100.0
490		9		2		100.0

1514		9		2		100.0
491		9		3		100.0

1515		9		3		100.0
492		9		0		100.0

1516		9		0		100.0
493		9		1		100.0

1517		9		1		100.0
494		9		2		100.0

1518		9		2		100.0
495		9		3		100.0

1519		9		3		100.0
496		9		0		100.0

1520		9		0		100.0
497		9		1		100.0

1521		9		1		100.0
498		9		2		100.0

1522		9		2		100.0
499		9		3		100.0

1523		9		3		100.0
500		9		0		100.0

1524		9		0		100.0
501		9		1		100.0

1525		9		1		100.0
502		9		2		100.0

1526		9		2		100.0
503		9		3		100.0

1527		9		3		100.0
504		9		0		100.0

1528		9		0		100.0
505		9		1		100.0

1529		9		1		100.0
506		9		2		100.0

1530		9		2		100.0
507		9		3		100.0

1531		9		3		100.0
508		9		0		100.0

1532		9		0		100.0
509		9		1		100.0

1533		9		1		100.0
510		9		2		100.0

1534		9		2		100.0
511		9		3		100.0

1535		9		3		100.0
512		9		0		100.0

1536		9		0		100.0
513		9		1		100.0

1537		9		1		100.0
514		9		2		100.0

1538		9		2		100.0
515		9		3		100.0

1539		9		3		100.0
516		9		0		100.0

1540		9		0		100.0
517		9		1		100.0

1541		9		1		100.0
518		9		2		100.0

1542		9		2		100.0
519		9		3		100.0

1543		9		3		100.0
520		9		0		100.0

1544		9		0		100.0
521		9		1		100.0

1545		9		1		100.0
522		9		2		100.0

1546		9		2		100.0
523		9		3		100.0

1547		9		3		100.0
524		9		0		100.0

1548		9		0		100.0
525		9		1		100.0

1549		9		1		100.0
526		9		2		100.0

1550		9		2		100.0
527		9		3		100.0

1551		9		3		100.0
528		9		0		100.0

1552		9		0		100.0
529		9		1		100.0

1553		9		1		100.0
530		9		2		100.0

1554		9		2		100.0
531		9		3		100.0

1555		9		3		100.0
532		9		0		100.0

1556		9		0		100.0
533		9		1		100.0

1557		9		1		100.0
534		9		2		100.0

1558		9		2		100.0
535		9		3		100.0

1559		9		3		100.0
536		9		0		100.0

1560		9		0		100.0
537		9		1		100.0

1561		9		1		100.0
538		9		2		100.0

1562		9		2		100.0
539		9		3		100.0

1563		9		3		100.0
540		9		0		100.0

1564		9		0		100.0
541		9		1		100.0

1565		9		1		100.0
542		9		2		100.0

1566		9		2		100.0
543		9		3		100.0

1567		9		3		100.0
544		9		0		100.0

1568		9		0		100.0
545		9		1		100.0

1569		9		1		100.0
546		9		2		100.0

1570		9		2		100.0
547		9		3		100.0

1571		9		3		100.0
548		9		0		100.0

1572		9		0		100.0
549		9		1		100.0

1573		9		1		100.0
550		9		2		100.0

1574		9		2		100.0
551		9		3		100.0

1575		9		3		100.0
552		9		0		100.0

1576		9		0		100.0
553		9		1		100.0

1577		9		1		100.0
554		9		2		100.0

1578		9		2		100.0
555		9		3		100.0

1579		9		3		100.0
556		9		0		100.0

1580		9		0		100.0
557		9		1		100.0

1581		9		1		100.0
558		9		2		100.0

1582		9		2		100.0
559		9		3		100.0

1583		9		3		100.0
560		9		0		100.0

1584		9		0		100.0
561		9		1		100.0

1585		9		1		100.0
562		9		2		100.0

1586		9		2		100.0
563		9		3		100.0

1587		9		3		100.0
564		9		0		100.0

1588		9		0		100.0
565		9		1		100.0

1589		9		1		100.0
566		9		2		100.0

1590		9		2		100.0
567		9		3		100.0

1591		9		3		100.0
568		9		0		100.0

1592		9		0		100.0
569		9		1		100.0

1593		9		1		100.0
570		9		2		100.0

1594		9		2		100.0
571		9		3		100.0

1595		9		3		100.0
572		9		0		100.0

1596		9		0		100.0
573		9		1		100.0

1597		9		1		100.0
574		9		2		100.0

1598		9		2		100.0
575		9		3		100.0

1599		9		3		100.0
576		9		0		100.0

1600		9		0		100.0
577		9		1		100.0

1601		9		1		100.0
578		9		2		100.0

1602		9		2		100.0
579		9		3		100.0

1603		9		3		100.0
580		9		0		100.0

1604		9		0		100.0
581		9		1		100.0

1605		9		1		100.0
582		9		2		100.0

1606		9		2		100.0
583		9		3		100.0

1607		9		3		100.0
584		9		0		100.0

1608		9		0		100.0
585		9		1		100.0

1609		9		1		100.0
586		9		2		100.0

1610		9		2		100.0
587		9		3		100.0

1611		9		3		100.0
588		9		0		100.0

1612		9		0		100.0
589		9		1		100.0

1613		9		1		100.0
590		9		2		100.0

1614		9		2		100.0
591		9		3		100.0

1615		9		3		100.0
592		9		0		100.0

1616		9		0		100.0
593		9		1		100.0

1617		9		1		100.0
594		9		2		100.0

1618		9		2		100.0
595		9		3		100.0

1619		9		3		100.0
596		9		0		100.0

1620		9		0		100.0
597		9		1		100.0

1621		9		1		100.0
598		9		2		100.0

1622		9		2		100.0
599		9		3		100.0

1623		9		3		100.0
600		9		0		100.0

1624		9		0		100.0
601		9		1		100.0

1625		9		1		100.0
602		9		2		100.0

1626		9		2		100.0
603		9		3		100.0

1627		9		3		100.0
604		9		0		100.0

1628		9		0		100.0
605		9		1		100.0

1629		9		1		100.0
606		9		2		100.0

1630		9		2		100.0
607		9		3		100.0

1631		9		3		100.0
608		9		0		100.0

1632		9		0		100.0
609		9		1		100.0

1633		9		1		100.0
610		9		2		100.0

1634		9		2		100.0
611		9		3		100.0

1635		9		3		100.0
612		9		0		100.0

1636		9		0		100.0
613		9		1		100.0

1637		9		1		100.0
614		9		2		100.0

1638		9		2		100.0
615		9		3		100.0

1639		9		3		100.0
616		9		0		100.0

1640		9		0		100.0
617		9		1		100.0

1641		9		1		100.0
618		9		2		100.0

1642		9		2		100.0
619		9		3		100.0

1643		9		3		100.0
620		9		0		100.0

1644		9		0		100.0
621		9		1		100.0

1645		9		1		100.0
622		9		2		100.0

1646		9		2		100.0
623		9		3		100.0

1647		9		3		100.0
624		9		0		100.0

1648		9		0		100.0
625		9		1		100.0

1649		9		1		100.0
626		9		2		100.0

1650		9		2		100.0
627		9		3		100.0

1651		9		3		100.0
628		9		0		100.0

1652		9		0		100.0
629		9		1		100.0

1653		9		1		100.0
630		9		2		100.0

1654		9		2		100.0
631		9		3		100.0

1655		9		3		100.0
632		9		0		100.0

1656		9		0		100.0
633		9		1		100.0

1657		9		1		100.0
634		9		2		100.0

1658		9		2		100.0
635		9		3		100.0

1659		9		3		100.0
636		9		0		100.0

1660		9		0		100.0
637		9		1		100.0

1661		9		1		100.0
638		9		2		100.0

1662		9		2		100.0
639		9		3		100.0

1663		9		3		100.0
640		9		0		100.0

1664		9		0		100.0
641		9		1		100.0

1665		9		1		100.0
642		9		2		100.0

1666		9		2		100.0
643		9		3		100.0

1667		9		3		100.0
644		9		0		100.0

1668		9		0		100.0
645		9		1		100.0

1669		9		1		100.0
646		9		2		100.0

1670		9		2		100.0
647		9		3		100.0

1671		9		3		100.0
648		9		0		100.0

1672		9		0		100.0
649		9		1		100.0

1673		9		1		100.0
650		9		2		100.0

1674		9		2		100.0
651		9		3		100.0

1675		9		3		100.0
652		9		0		98.00436078500262

1676		9		0		100.0
653		9		1		100.0

1677		9		1		100.0
654		9		2		100.0

1678		9		2		100.0
655		9		3		100.0

1679		9		3		100.0
656		9		0		100.0

1680		9		0		100.0
657		9		1		100.0

1681		9		1		100.0
658		9		2		100.0

1682		9		2		100.0
659		9		3		100.0

1683		9		3		100.0
660		9		0		100.0

1684		9		0		100.0
661		9		1		100.0

1685		9		1		100.0
662		9		2		100.0

1686		9		2		100.0
663		9		3		100.0

1687		9		3		100.0
664		9		0		100.0

1688		9		0		100.0
665		9		1		100.0

1689		9		1		100.0
666		9		2		100.0

1690		9		2		100.0
667		9		3		100.0

1691		9		3		100.0
668		9		0		100.0

1692		9		0		100.0
669		9		1		100.0

1693		9		1		100.0
670		9		2		100.0

1694		9		2		100.0
671		9		3		100.0

1695		9		3		100.0
672		9		0		100.0

1696		9		0		100.0
673		9		1		100.0

1697		9		1		100.0
674		9		2		100.0

1698		9		2		100.0
675		9		3		100.0

1699		9		3		100.0
676		9		0		100.0

1700		9		0		100.0
677		9		1		100.0

1701		9		1		100.0
678		9		2		100.0

1702		9		2		100.0
679		9		3		100.0

1703		9		3		100.0
680		9		0		100.0

1704		9		0		100.0
681		9		1		100.0

1705		9		1		100.0
682		9		2		100.0

1706		9		2		100.0
683		9		3		100.0

1707		9		3		100.0
684		9		0		100.0

1708		9		0		100.0
685		9		1		100.0

1709		9		1		100.0
686		9		2		100.0

1710		9		2		100.0
687		9		3		100.0

1711		9		3		100.0
688		9		0		100.0

1712		9		0		100.0
689		9		1		100.0

1713		9		1		100.0
690		9		2		100.0

1714		9		2		100.0
691		9		3		100.0

1715		9		3		100.0
692		9		0		100.0

1716		9		0		100.0
693		9		1		100.0

1717		9		1		100.0
694		9		2		100.0

1718		9		2		100.0
695		9		3		100.0

1719		9		3		100.0
696		9		0		100.0

1720		9		0		100.0
697		9		1		100.0

1721		9		1		100.0
698		9		2		100.0

1722		9		2		100.0
699		9		3		100.0

1723		9		3		100.0
700		9		0		100.0

1724		9		0		100.0
701		9		1		100.0

1725		9		1		100.0
702		9		2		100.0

1726		9		2		100.0
703		9		3		100.0

1727		9		3		100.0
704		9		0		100.0

1728		9		0		100.0
705		9		1		100.0

1729		9		1		100.0
706		9		2		100.0

1730		9		2		100.0
707		9		3		100.0

1731		9		3		100.0
708		9		0		100.0

1732		9		0		100.0
709		9		1		100.0

1733		9		1		100.0
710		9		2		100.0

1734		9		2		100.0
711		9		3		100.0

1735		9		3		100.0
712		9		0		100.0

1736		9		0		100.0
713		9		1		100.0

1737		9		1		100.0
714		9		2		100.0

1738		9		2		100.0
715		9		3		100.0

1739		9		3		100.0
716		9		0		100.0

1740		9		0		100.0
717		9		1		100.0

1741		9		1		100.0
718		9		2		100.0

1742		9		2		100.0
719		9		3		100.0

1743		9		3		100.0
720		9		0		100.0

1744		9		0		100.0
721		9		1		100.0

1745		9		1		100.0
722		9		2		100.0

1746		9		2		100.0
723		9		3		100.0

1747		9		3		100.0
724		9		0		100.0

1748		9		0		100.0
725		9		1		100.0

1749		9		1		100.0
726		9		2		100.0

1750		9		2		100.0
727		9		3		100.0

1751		9		3		100.0
728		9		0		100.0

1752		9		0		100.0
729		9		1		100.0

1753		9		1		100.0
730		9		2		100.0

1754		9		2		100.0
731		9		3		100.0

1755		9		3		100.0
732		9		0		100.0

1756		9		0		100.0
733		9		1		100.0

1757		9		1		100.0
734		9		2		100.0

1758		9		2		100.0
735		9		3		100.0

1759		9		3		100.0
736		9		0		100.0

1760		9		0		100.0
737		9		1		100.0

1761		9		1		100.0
738		9		2		100.0

1762		9		2		100.0
739		9		3		100.0

1763		9		3		100.0
740		9		0		100.0

1764		9		0		100.0
741		9		1		100.0

1765		9		1		100.0
742		9		2		100.0

1766		9		2		100.0
743		9		3		100.0

1767		9		3		100.0
744		9		0		100.0

1768		9		0		100.0
745		9		1		100.0

1769		9		1		100.0
746		9		2		100.0

1770		9		2		100.0
747		9		3		100.0

1771		9		3		100.0
748		9		0		100.0

1772		9		0		100.0
749		9		1		100.0

1773		9		1		100.0
750		9		2		100.0

1774		9		2		100.0
751		9		3		100.0

1775		9		3		100.0
752		9		0		100.0

1776		9		0		100.0
753		9		1		100.0

1777		9		1		98.00436078500262
754		9		2		100.0

1778		9		2		100.0
755		9		3		100.0

1779		9		3		100.0
756		9		0		100.0

1780		9		0		100.0
757		9		1		100.0

1781		9		1		100.0
758		9		2		100.0

1782		9		2		100.0
759		9		3		100.0

1783		9		3		100.0
760		9		0		100.0

1784		9		0		100.0
761		9		1		100.0

1785		9		1		100.0
762		9		2		100.0

1786		9		2		100.0
763		9		3		100.0

1787		9		3		100.0
764		9		0		100.0

1788		9		0		100.0
765		9		1		100.0

1789		9		1		100.0
766		9		2		100.0

1790		9		2		100.0
767		9		3		100.0

1791		9		3		100.0
768		9		0		100.0

1792		9		0		100.0
769		9		1		100.0

1793		9		1		100.0
770		9		2		100.0

1794		9		2		100.0
771		9		3		100.0

1795		9		3		100.0
772		9		0		100.0

1796		9		0		100.0
773		9		1		100.0

1797		9		1		100.0
774		9		2		100.0

1798		9		2		98.00436078500262
775		9		3		100.0

1799		9		3		100.0
776		9		0		100.0

1800		9		0		100.0
777		9		1		100.0

1801		9		1		100.0
778		9		2		100.0

1802		9		2		100.0
779		9		3		100.0

1803		9		3		100.0
780		9		0		100.0

1804		9		0		100.0
781		9		1		100.0

1805		9		1		100.0
782		9		2		100.0

1806		9		2		100.0
783		9		3		100.0

1807		9		3		100.0
784		9		0		100.0

1808		9		0		100.0
785		9		1		100.0

1809		9		1		100.0
786		9		2		100.0

1810		9		2		100.0
787		9		3		100.0

1811		9		3		100.0
788		9		0		100.0

1812		9		0		100.0
789		9		1		100.0

1813		9		1		100.0
790		9		2		100.0

1814		9		2		100.0
791		9		3		100.0

1815		9		3		100.0
792		9		0		100.0

1816		9		0		100.0
793		9		1		100.0

1817		9		1		100.0
794		9		2		100.0

1818		9		2		100.0
795		9		3		100.0

1819		9		3		100.0
796		9		0		100.0

1820		9		0		100.0
797		9		1		100.0

1821		9		1		100.0
798		9		2		100.0

1822		9		2		100.0
799		9		3		100.0

1823		9		3		100.0
800		9		0		100.0

1824		9		0		100.0
801		9		1		100.0

1825		9		1		100.0
802		9		2		100.0

1826		9		2		100.0
803		9		3		100.0

1827		9		3		100.0
804		9		0		100.0

1828		9		0		100.0
805		9		1		100.0

1829		9		1		100.0
806		9		2		100.0

1830		9		2		100.0
807		9		3		100.0

1831		9		3		100.0
808		9		0		100.0

1832		9		0		100.0
809		9		1		100.0

1833		9		1		100.0
810		9		2		100.0

1834		9		2		100.0
811		9		3		100.0

1835		9		3		100.0
812		9		0		100.0

1836		9		0		100.0
813		9		1		100.0

1837		9		1		100.0
814		9		2		100.0

1838		9		2		100.0
815		9		3		100.0

1839		9		3		100.0
816		9		0		100.0

1840		9		0		100.0
817		9		1		100.0

1841		9		1		100.0
818		9		2		100.0

1842		9		2		100.0
819		9		3		100.0

1843		9		3		100.0
820		9		0		100.0

1844		9		0		100.0
821		9		1		100.0

1845		9		1		100.0
822		9		2		100.0

1846		9		2		100.0
823		9		3		100.0

1847		9		3		100.0
824		9		0		100.0

1848		9		0		100.0
825		9		1		100.0

1849		9		1		100.0
826		9		2		100.0

1850		9		2		100.0
827		9		3		100.0

1851		9		3		100.0
828		9		0		100.0

1852		9		0		100.0
829		9		1		100.0

1853		9		1		100.0
830		9		2		100.0

1854		9		2		100.0
831		9		3		100.0

1855		9		3		100.0
832		9		0		100.0

1856		9		0		100.0
833		9		1		100.0

1857		9		1		100.0
834		9		2		100.0

1858		9		2		100.0
835		9		3		100.0

1859		9		3		100.0
836		9		0		100.0

1860		9		0		100.0
837		9		1		100.0

1861		9		1		100.0
838		9		2		100.0

1862		9		2		100.0
839		9		3		100.0

1863		9		3		100.0
840		9		0		100.0

1864		9		0		100.0
841		9		1		100.0

1865		9		1		100.0
842		9		2		100.0

1866		9		2		100.0
843		9		3		100.0

1867		9		3		100.0
844		9		0		100.0

1868		9		0		100.0
845		9		1		100.0

1869		9		1		100.0
846		9		2		100.0

1870		9		2		100.0
847		9		3		100.0

1871		9		3		100.0
848		9		0		100.0

1872		9		0		100.0
849		9		1		100.0

1873		9		1		100.0
850		9		2		100.0

1874		9		2		100.0
851		9		3		100.0

1875		9		3		100.0
852		9		0		100.0

1876		9		0		100.0
853		9		1		100.0

1877		9		1		100.0
854		9		2		100.0

1878		9		2		100.0
855		9		3		100.0

1879		9		3		100.0
856		9		0		100.0

1880		9		0		100.0
857		9		1		100.0

1881		9		1		100.0
858		9		2		100.0

1882		9		2		100.0
859		9		3		100.0

1883		9		3		100.0
860		9		0		100.0

1884		9		0		100.0
861		9		1		100.0

1885		9		1		100.0
862		9		2		100.0

1886		9		2		100.0
863		9		3		100.0

1887		9		3		100.0
864		9		0		98.00436078500262

1888		9		0		100.0
865		9		1		100.0

1889		9		1		100.0
866		9		2		100.0

1890		9		2		100.0
867		9		3		100.0

1891		9		3		100.0
868		9		0		100.0

1892		9		0		100.0
869		9		1		98.00436078500262

1893		9		1		100.0
870		9		2		100.0

1894		9		2		100.0
871		9		3		100.0

1895		9		3		100.0
872		9		0		100.0

1896		9		0		100.0
873		9		1		100.0

1897		9		1		100.0
874		9		2		100.0

1898		9		2		100.0
875		9		3		100.0

1899		9		3		100.0
876		9		0		100.0

1900		9		0		100.0
877		9		1		100.0

1901		9		1		100.0
878		9		2		100.0

1902		9		2		100.0
879		9		3		100.0

1903		9		3		100.0
880		9		0		100.0

1904		9		0		100.0
881		9		1		100.0

1905		9		1		100.0
882		9		2		98.00436078500262

1906		9		2		100.0
883		9		3		100.0

1907		9		3		100.0
884		9		0		100.0

1908		9		0		100.0
885		9		1		100.0

1909		9		1		100.0
886		9		2		100.0

1910		9		2		100.0
887		9		3		100.0

1911		9		3		100.0
888		9		0		100.0

1912		9		0		100.0
889		9		1		100.0

1913		9		1		100.0
890		9		2		100.0

1914		9		2		100.0
891		9		3		100.0

1915		9		3		100.0
892		9		0		100.0

1916		9		0		100.0
893		9		1		100.0

1917		9		1		100.0
894		9		2		100.0

1918		9		2		100.0
895		9		3		100.0

1919		9		3		100.0
896		9		0		100.0

1920		9		0		100.0
897		9		1		100.0

1921		9		1		100.0
898		9		2		100.0

1922		9		2		100.0
899		9		3		100.0

1923		9		3		100.0
900		9		0		100.0

1924		9		0		100.0
901		9		1		100.0

1925		9		1		100.0
902		9		2		100.0

1926		9		2		100.0
903		9		3		100.0

1927		9		3		100.0
904		9		0		100.0

1928		9		0		100.0
905		9		1		100.0

1929		9		1		100.0
906		9		2		100.0

1930		9		2		100.0
907		9		3		100.0

1931		9		3		100.0
908		9		0		100.0

1932		9		0		100.0
909		9		1		100.0

1933		9		1		100.0
910		9		2		100.0

1934		9		2		100.0
911		9		3		100.0

1935		9		3		100.0
912		9		0		100.0

1936		9		0		100.0
913		9		1		100.0

1937		9		1		100.0
914		9		2		100.0

1938		9		2		100.0
915		9		3		100.0

1939		9		3		100.0
916		9		0		100.0

1940		9		0		100.0
917		9		1		100.0

1941		9		1		100.0
918		9		2		100.0

1942		9		2		100.0
919		9		3		100.0

1943		9		3		100.0
920		9		0		100.0

1944		9		0		100.0
921		9		1		100.0

1945		9		1		100.0
922		9		2		100.0

1946		9		2		100.0
923		9		3		100.0

1947		9		3		100.0
924		9		0		100.0

1948		9		0		100.0
925		9		1		100.0

1949		9		1		100.0
926		9		2		100.0

1950		9		2		100.0
927		9		3		100.0

1951		9		3		100.0
928		9		0		100.0

1952		9		0		100.0
929		9		1		100.0

1953		9		1		100.0
930		9		2		100.0

1954		9		2		100.0
931		9		3		100.0

1955		9		3		100.0
932		9		0		100.0

1956		9		0		100.0
933		9		1		100.0

1957		9		1		100.0
934		9		2		100.0

1958		9		2		100.0
935		9		3		100.0

1959		9		3		100.0
936		9		0		100.0

1960		9		0		100.0
937		9		1		100.0

1961		9		1		100.0
938		9		2		100.0

1962		9		2		100.0
939		9		3		100.0

1963		9		3		100.0
940		9		0		100.0

1964		9		0		100.0
941		9		1		100.0

1965		9		1		100.0
942		9		2		100.0

1966		9		2		100.0
943		9		3		100.0

1967		9		3		100.0
944		9		0		100.0

1968		9		0		100.0
945		9		1		100.0

1969		9		1		100.0
946		9		2		100.0

1970		9		2		100.0
947		9		3		100.0

1971		9		3		100.0
948		9		0		100.0

1972		9		0		100.0
949		9		1		100.0

1973		9		1		100.0
950		9		2		100.0

1974		9		2		100.0
951		9		3		100.0

1975		9		3		100.0
952		9		0		100.0

1976		9		0		100.0
953		9		1		100.0

1977		9		1		100.0
954		9		2		100.0

1978		9		2		100.0
955		9		3		100.0

1979		9		3		100.0
956		9		0		100.0

1980		9		0		100.0
957		9		1		100.0

1981		9		1		100.0
958		9		2		100.0

1982		9		2		100.0
959		9		3		100.0

1983		9		3		100.0
960		9		0		100.0

1984		9		0		100.0
961		9		1		100.0

1985		9		1		100.0
962		9		2		100.0

1986		9		2		100.0
963		9		3		100.0

1987		9		3		100.0
964		9		0		100.0

1988		9		0		100.0
965		9		1		100.0

1989		9		1		100.0
966		9		2		100.0

1990		9		2		100.0
967		9		3		100.0

1991		9		3		100.0
968		9		0		100.0

1992		9		0		100.0
969		9		1		100.0

1993		9		1		100.0
970		9		2		100.0

1994		9		2		100.0
971		9		3		100.0

1995		9		3		100.0
972		9		0		100.0

1996		9		0		100.0
973		9		1		100.0

1997		9		1		100.0
974		9		2		100.0

1998		9		2		100.0
975		9		3		100.0

1999		9		3		100.0
976		9		0		100.0

2000		9		0		100.0
977		9		1		100.0

2001		9		1		100.0
978		9		2		98.00436078500262

2002		9		2		100.0
979		9		3		100.0

2003		9		3		100.0
980		9		0		100.0

2004		9		0		100.0
981		9		1		100.0

2005		9		1		100.0
982		9		2		100.0

2006		9		2		100.0
983		9		3		100.0

2007		9		3		100.0
984		9		0		100.0

2008		9		0		100.0
985		9		1		100.0

2009		9		1		100.0
986		9		2		100.0

2010		9		2		100.0
987		9		3		100.0

2011		9		3		100.0
988		9		0		100.0

2012		9		0		100.0
989		9		1		100.0

2013		9		1		100.0
990		9		2		100.0

2014		9		2		100.0
991		9		3		100.0

2015		9		3		100.0
992		9		0		100.0

2016		9		0		100.0
993		9		1		100.0

2017		9		1		100.0
994		9		2		100.0

2018		9		2		100.0
995		9		3		100.0

2019		9		3		100.0
996		9		0		100.0

2020		9		0		100.0
997		9		1		100.0

2021		9		1		100.0
998		9		2		100.0

2022		9		2		100.0
999		9		3		100.0

2023		9		3		100.0
1000		9		0		100.0

2024		9		0		100.0
1001		9		1		100.0

2025		9		1		100.0
1002		9		2		100.0

2026		9		2		100.0
1003		9		3		100.0

2027		9		3		100.0
1004		9		0		100.0

2028		9		0		100.0
1005		9		1		100.0

2029		9		1		100.0
1006		9		2		100.0

2030		9		2		100.0
1007		9		3		100.0

2031		9		3		100.0
1008		9		0		100.0

2032		9		0		100.0
1009		9		1		100.0

2033		9		1		100.0
1010		9		2		100.0

2034		9		2		100.0
1011		9		3		100.0

2035		9		3		100.0
1012		9		0		100.0

2036		9		0		100.0
1013		9		1		100.0

2037		9		1		98.00436078500262
1014		9		2		100.0

2038		9		2		100.0
1015		9		3		100.0

2039		9		3		98.00436078500262
1016		9		0		100.0

2040		9		0		100.0
1017		9		1		100.0

2041		9		1		100.0
1018		9		2		100.0

2042		9		2		100.0
1019		9		3		100.0

2043		9		3		100.0
1020		9		0		100.0

2044		9		0		53.99127842999475
1021		9		1		100.0

2045		9		1		53.99127842999475
1022		9		2		100.0

2046		9		2		53.99127842999475
1023		9		3		100.0

2047		9		3		53.99127842999475
