Oganism: Mus musculus, Sex: Female, Initial Population Size: 5, Simulation Duration: 15, Time Interval: 1, Haploid #: 20

Cell ID		Generation	Cell lineage	% labelled

0		1		0		0.5

5		1		0		0.5

0		2		0		0.5172615850011845

6		2		0		0.9827384149988155

1		1		1		0.5

7		1		1		0.5

2		1		2		0.5

8		1		2		0.5

3		1		3		0.5

9		1		3		0.5

1		2		1		0.5172615850011845

10		2		1		0.9827384149988155

7		2		1		0.9827384149988155

11		2		1		0.5172615850011845

0		3		0		0.5345231700023689

12		3		0		0.9827384149988155

9		2		3		0.9827384149988155

13		2		3		0.5172615850011845

10		3		1		1.0

14		3		1		0.9827384149988155

0		4		0		0.5345231700023689

15		4		0		1.0

1		3		1		0.5345231700023689

16		3		1		0.9827384149988155

7		3		1		0.9827384149988155

17		3		1		1.0

9		3		3		1.0

18		3		3		0.9827384149988155

6		3		0		1.0

19		3		0		0.9827384149988155

8		2		2		0.9827384149988155

20		2		2		0.5172615850011845

13		3		3		1.0

21		3		3		0.5172615850011845

17		4		1		1.0

22		4		1		1.0

3		2		3		0.5

23		2		3		1.0

6		4		0		1.0

24		4		0		1.0

12		4		0		0.9827384149988155

25		4		0		1.0

0		5		0		0.5345231700023689

26		5		0		1.0

1		4		1		0.5345231700023689

27		4		1		1.0

4		1		4		0.5

28		1		4		0.5

5		2		0		0.9827384149988155

29		2		0		0.5172615850011845

8		3		2		0.9827384149988155

30		3		2		1.0

20		3		2		1.0

31		3		2		0.5172615850011845

21		4		3		1.0

32		4		3		0.5172615850011845

22		5		1		1.0

33		5		1		1.0

4		2		4		0.5

34		2		4		1.0

9		4		3		1.0

35		4		3		1.0

10		4		1		1.0

36		4		1		1.0

13		4		3		1.0

37		4		3		1.0

19		4		0		0.9827384149988155

38		4		0		1.0

24		5		0		1.0

39		5		0		1.0

25		5		0		1.0

40		5		0		1.0

26		6		0		1.0

41		6		0		1.0

31		4		2		0.9827384149988155

42		4		2		0.5345231700023689

32		5		3		0.9827384149988155

43		5		3		0.5345231700023689

2		2		2		0.5172615850011845

44		2		2		0.9827384149988155

7		4		1		0.9827384149988155

45		4		1		1.0

16		4		1		1.0

46		4		1		0.9827384149988155

24		6		0		1.0

47		6		0		1.0

31		5		2		1.0

48		5		2		0.9827384149988155

36		5		1		1.0

49		5		1		1.0

37		5		3		1.0

50		5		3		1.0

40		6		0		1.0

51		6		0		1.0

11		3		1		1.0

52		3		1		0.5172615850011845

24		7		0		1.0

53		7		0		1.0

31		6		2		1.0

54		6		2		1.0

32		6		3		0.9827384149988155

55		6		3		1.0

38		5		0		1.0

56		5		0		1.0

43		6		3		1.0

57		6		3		0.5345231700023689

2		3		2		0.5345231700023689

58		3		2		0.9827384149988155

3		3		3		0.5172615850011845

59		3		3		0.9827384149988155

18		4		3		1.0

60		4		3		0.9827384149988155

30		4		2		1.0

61		4		2		1.0

33		6		1		1.0

62		6		1		1.0

34		3		4		1.0

63		3		4		1.0

35		5		3		1.0

64		5		3		1.0

38		6		0		1.0

65		6		0		1.0

39		6		0		1.0

66		6		0		1.0

46		5		1		1.0

67		5		1		0.9827384149988155

47		7		0		1.0

68		7		0		1.0

49		6		1		1.0

69		6		1		1.0

52		4		1		1.0

70		4		1		0.5172615850011845

53		8		0		1.0

71		8		0		1.0

55		7		3		1.0

72		7		3		1.0

57		7		3		1.0

73		7		3		0.5345231700023689

4		3		4		0.5

74		3		4		1.0

6		5		0		1.0

75		5		0		1.0

12		5		0		0.9827384149988155

76		5		0		1.0

14		4		1		0.9827384149988155

77		4		1		1.0

24		8		0		1.0

78		8		0		1.0

28		2		4		0.9827384149988155

79		2		4		0.5172615850011845

32		7		3		1.0

80		7		3		0.9827384149988155

43		7		3		1.0

81		7		3		1.0

45		5		1		1.0

82		5		1		1.0

48		6		2		0.9827384149988155

83		6		2		1.0

50		6		3		1.0

84		6		3		1.0

66		7		0		1.0

85		7		0		1.0

68		8		0		1.0

86		8		0		1.0

69		7		1		1.0

87		7		1		1.0

27		5		1		1.0

88		5		1		1.0

30		5		2		1.0

89		5		2		1.0

31		7		2		1.0

90		7		2		1.0

35		6		3		1.0

91		6		3		1.0

46		6		1		1.0

92		6		1		1.0

53		9		0		1.0

93		9		0		1.0

57		8		3		1.0

94		8		3		1.0

61		5		2		1.0

95		5		2		1.0

66		8		0		1.0

96		8		0		1.0

69		8		1		1.0

97		8		1		1.0

70		5		1		0.9827384149988155

98		5		1		0.5345231700023689

74		4		4		1.0

99		4		4		1.0
