Cell ID		Generation	Cell lineage	% labelled

2		1		2		0.5

3		1		2		0.5

0		1		0		0.5

4		1		0		0.5

1		1		1		0.5

5		1		1		0.5

0		2		0		0.5350471555960821

6		2		0		0.9649528444039179

4		2		0		0.982476422201959

7		2		0		0.517523577798041

5		2		1		0.982476422201959

8		2		1		0.517523577798041

5		3		1		1.0

9		3		1		0.982476422201959

6		3		0		0.9649528444039179

10		3		0		1.0

7		3		0		1.0

11		3		0		0.517523577798041

1		2		1		0.5350471555960821

12		2		1		0.9649528444039179

6		4		0		0.982476422201959

13		4		0		0.982476422201959

5		4		1		1.0

14		4		1		1.0

0		3		0		0.5350471555960821

15		3		0		1.0

8		3		1		0.982476422201959

16		3		1		0.5350471555960821

9		4		1		0.982476422201959

17		4		1		1.0

5		5		1		1.0

18		5		1		1.0

7		4		0		1.0

19		4		0		1.0

8		4		1		0.982476422201959

20		4		1		1.0

12		3		1		1.0

21		3		1		0.9649528444039179

17		5		1		1.0

22		5		1		1.0

0		4		0		0.5350471555960821

23		4		0		1.0

6		5		0		0.982476422201959

24		5		0		1.0

8		5		1		1.0

25		5		1		0.982476422201959

10		4		0		1.0

26		4		0		1.0

14		5		1		1.0

27		5		1		1.0

19		5		0		1.0

28		5		0		1.0

4		3		0		1.0

29		3		0		0.982476422201959

17		6		1		1.0

30		6		1		1.0

20		5		1		1.0

31		5		1		1.0

26		5		0		1.0

32		5		0		1.0
