Oganism: Homo sapiens, Sex: Male, Initial Population Size: 5, Simulation Duration: 15, Time Interval: 1, Haploid #: 23

Cell ID		Generation	Cell lineage	% labelled

1		1		1		0.5

5		1		1		0.5

2		1		2		0.5

6		1		2		0.5

1		2		1		0.5202861820361918

7		2		1		0.9797138179638082

2		2		2		0.5202861820361918

8		2		2		0.9797138179638082

3		1		3		0.5

9		1		3		0.5

7		3		1		0.9797138179638082

10		3		1		1.0

8		3		2		0.9797138179638082

11		3		2		1.0

7		4		1		0.9797138179638082

12		4		1		1.0

1		3		1		0.5202861820361918

13		3		1		1.0

2		3		2		0.5202861820361918

14		3		2		1.0

3		2		3		0.5202861820361918

15		2		3		0.9797138179638082

10		4		1		1.0

16		4		1		1.0

11		4		2		1.0

17		4		2		1.0

12		5		1		1.0

18		5		1		1.0

0		1		0		0.5

19		1		0		0.5

13		4		1		1.0

20		4		1		1.0

2		4		2		0.5405723640723835

21		4		2		0.9797138179638082

4		1		4		0.5

22		1		4		0.5

8		4		2		0.9797138179638082

23		4		2		1.0

17		5		2		1.0

24		5		2		1.0

11		5		2		1.0

25		5		2		1.0

21		5		2		0.9797138179638082

26		5		2		1.0

24		6		2		1.0

27		6		2		1.0

0		2		0		0.5

28		2		0		1.0

3		3		3		0.5202861820361918

29		3		3		1.0

8		5		2		1.0

30		5		2		0.9797138179638082

10		5		1		1.0

31		5		1		1.0

19		2		0		0.9797138179638082

32		2		0		0.5202861820361918

22		2		4		0.9594276359276165

33		2		4		0.5405723640723835

5		2		1		1.0

34		2		1		0.5

7		5		1		1.0

35		5		1		0.9797138179638082

10		6		1		1.0

36		6		1		1.0

11		6		2		1.0

37		6		2		1.0

16		5		1		1.0

38		5		1		1.0

19		3		0		1.0

39		3		0		0.9797138179638082

21		6		2		1.0

40		6		2		0.9797138179638082

27		7		2		1.0

41		7		2		1.0

29		4		3		1.0

42		4		3		1.0

32		3		0		1.0

43		3		0		0.5202861820361918

7		6		1		1.0

44		6		1		1.0

8		6		2		1.0

45		6		2		1.0

12		6		1		1.0

46		6		1		1.0

15		3		3		1.0

47		3		3		0.9797138179638082

27		8		2		1.0

48		8		2		1.0

29		5		3		1.0

49		5		3		1.0

32		4		0		1.0

50		4		0		1.0

34		3		1		0.9594276359276165

51		3		1		0.5405723640723835

37		7		2		1.0

52		7		2		1.0

41		8		2		1.0

53		8		2		1.0

43		4		0		0.9797138179638082

54		4		0		0.5405723640723835

8		7		2		1.0

55		7		2		1.0

10		7		1		1.0

56		7		1		1.0

16		6		1		1.0

57		6		1		1.0

17		6		2		1.0

58		6		2		1.0

20		5		1		1.0

59		5		1		1.0

28		3		0		1.0

60		3		0		1.0

30		6		2		0.9797138179638082

61		6		2		1.0

31		6		1		1.0

62		6		1		1.0

32		5		0		1.0

63		5		0		1.0

38		6		1		1.0

64		6		1		1.0

43		5		0		0.9797138179638082

65		5		0		1.0

44		7		1		1.0

66		7		1		1.0

52		8		2		1.0

67		8		2		1.0

53		9		2		1.0

68		9		2		1.0

5		3		1		1.0

69		3		1		1.0

8		8		2		1.0

70		8		2		1.0

14		4		2		1.0

71		4		2		1.0

16		7		1		1.0

72		7		1		1.0

24		7		2		1.0

73		7		2		1.0

29		6		3		1.0

74		6		3		1.0

40		7		2		1.0

75		7		2		0.9797138179638082

41		9		2		1.0

76		9		2		1.0

58		7		2		1.0

77		7		2		1.0

61		7		2		1.0

78		7		2		1.0

63		6		0		1.0

79		6		0		1.0

65		6		0		1.0

80		6		0		1.0

7		7		1		1.0

81		7		1		1.0

13		5		1		1.0

82		5		1		1.0

14		5		2		1.0

83		5		2		1.0

15		4		3		1.0

84		4		3		1.0

20		6		1		1.0

85		6		1		1.0

24		8		2		1.0

86		8		2		1.0

34		4		1		0.9594276359276165

87		4		1		1.0

42		5		3		1.0

88		5		3		1.0

63		7		0		1.0

89		7		0		1.0

64		7		1		1.0

90		7		1		1.0

73		8		2		1.0

91		8		2		1.0

74		7		3		1.0

92		7		3		1.0
