0		1		0		50.0
6		1		0		50.0
2		1		2		50.0
7		1		2		50.0
2		2		2		51.99563921499738
8		2		2		98.00436078500262
7		2		2		100.0
9		2		2		50.0
9		3		2		100.0
10		3		2		50.0
0		2		0		53.99127842999475
11		2		0		96.00872157000525
8		3		2		98.00436078500262
12		3		2		100.0
4		1		4		50.0
13		1		4		50.0
7		3		2		100.0
14		3		2		100.0
8		4		2		98.00436078500262
15		4		2		100.0
10		4		2		96.00872157000525
16		4		2		53.99127842999475
2		3		2		51.99563921499738
17		3		2		100.0
12		4		2		100.0
18		4		2		100.0
16		5		2		100.0
19		5		2		53.99127842999475
12		5		2		100.0
20		5		2		100.0
2		4		2		53.99127842999475
21		4		2		98.00436078500262
16		6		2		100.0
22		6		2		100.0
18		5		2		100.0
23		5		2		100.0
1		1		1		50.0
24		1		1		50.0
11		3		0		96.00872157000525
25		3		0		100.0
14		4		2		100.0
26		4		2		100.0
21		5		2		98.00436078500262
27		5		2		100.0
22		7		2		100.0
28		7		2		100.0
0		3		0		53.99127842999475
29		3		0		100.0
2		5		2		53.99127842999475
30		5		2		100.0
9		4		2		100.0
31		4		2		100.0
10		5		2		96.00872157000525
32		5		2		100.0
12		6		2		100.0
33		6		2		100.0
13		2		4		96.00872157000525
34		2		4		53.99127842999475
15		5		2		100.0
35		5		2		100.0
16		7		2		100.0
36		7		2		100.0
