0		1		0		50.0
4		1		0		50.0
1		1		1		50.0
5		1		1		50.0
3		1		3		50.0
6		1		3		50.0
4		2		0		97.97138179638083
7		2		0		52.02861820361918
3		2		3		54.05723640723835
8		2		3		95.94276359276165
0		2		0		52.02861820361918
9		2		0		97.97138179638083
2		1		2		50.0
10		1		2		50.0
8		3		3		100.0
11		3		3		95.94276359276165
3		3		3		54.05723640723835
12		3		3		100.0
9		3		0		100.0
13		3		0		97.97138179638083
10		2		2		97.97138179638083
14		2		2		52.02861820361918
11		4		3		95.94276359276165
15		4		3		100.0
5		2		1		97.97138179638083
16		2		1		52.02861820361918
7		3		0		100.0
17		3		0		52.02861820361918
9		4		0		100.0
18		4		0		100.0
11		5		3		97.97138179638083
19		5		3		97.97138179638083
14		3		2		97.97138179638083
20		3		2		54.05723640723835
17		4		0		97.97138179638083
21		4		0		54.05723640723835
0		3		0		54.05723640723835
22		3		0		97.97138179638083
3		4		3		54.05723640723835
23		4		3		100.0
5		3		1		97.97138179638083
24		3		1		100.0
14		4		2		97.97138179638083
25		4		2		100.0
17		5		0		97.97138179638083
26		5		0		100.0
21		5		0		100.0
27		5		0		54.05723640723835
8		4		3		100.0
28		4		3		100.0
15		5		3		100.0
29		5		3		100.0
